swda_filename,ptb_basename,conversation_no,transcript_index,act_tag,act_label_1,act_label_2,act_label_relation,caller,utterance_index,subutterance_index,clean_text,parse_tree,topic_description,prompt
sw09utt/sw_0996_4745.utt,4/sw4745,4745,10,sv,Forward-Communicative-Function:Statement:Statement-opinion,,,A,1,11,"and it, it's sometimes a very, it, it's a very hard juggling act.","(ROOT (S (CC and) (NP (PRP it)) (, ,) (NP (PRP it)) (VP (VBZ 's) (ADVP (RB sometimes)) (SBAR (S (DT a) (RB very) (, ,) (NP (PRP it)) (, ,) (NP (PRP it)) (VP (VBZ 's) (NP (DT a) (ADJP (RB very) (JJ hard)) (NN juggling) (NN act))) (. .))))))",FAMILY_LIFE,IF YOU HAVE CHILDRENY
sw09utt/sw_0996_4745.utt,4/sw4745,4745,11,aa,Backwards-Communicative-Function:Agreement:Accept,,,B,2,1,I agree.,(ROOT (S (S (LS i) (VP (VBP agree))) (. .))),FAMILY_LIFE,IF YOU HAVE CHILDRENY
sw09utt/sw_0996_4745.utt,4/sw4745,4745,14,sd(^q),none,,,A,3,3,"and I keep saying oh jeez, I don't have that much time with her.","(ROOT (NP (NP (CC and) (FW i) (VP (VB keep) (S (VP (VBG saying) (PP (INTJ (UH oh)) (NP (NP (NN jeez)) (, ,) (NP (FW i)) (S (VP (VBP do) (RB n't) (VP (VB have) (NP (NP (DT that) (JJ much) (NN time)) (PP (IN with) (NP (PRP her))))))))))))) (. .)))",FAMILY_LIFE,IF YOU HAVE CHILDRENY
sw09utt/sw_0996_4745.utt,4/sw4745,4745,15,b,Backwards-Communicative-Function:Understanding:Acknowledge,,,B,4,1,Yeah.,(ROOT (NP (NN yeah) (. .))),FAMILY_LIFE,IF YOU HAVE CHILDRENY
sw09utt/sw_0996_4745.utt,4/sw4745,4745,17,%,Communicative-Status:Uninterpretable,,,A,5,2,and,(ROOT (CC and)),FAMILY_LIFE,IF YOU HAVE CHILDRENY
sw09utt/sw_0996_4745.utt,4/sw4745,4745,18,sd,Forward-Communicative-Function:Statement:Statement-non-opinion,,,B,6,1,I know that I have three children.,(ROOT (S (LST (LS i)) (VP (VBP know) (SBAR (IN that) (S (FW i) (VP (VBP have) (NP (CD three) (NNS children)))))) (. .))),FAMILY_LIFE,IF YOU HAVE CHILDRENY
sw09utt/sw_0996_4745.utt,4/sw4745,4745,19,b,Backwards-Communicative-Function:Understanding:Acknowledge,,,A,7,1,Uh-huh.,(ROOT (ADVP (RB uh-huh) (. .))),FAMILY_LIFE,IF YOU HAVE CHILDRENY
sw09utt/sw_0996_4745.utt,4/sw4745,4745,21,sd,Forward-Communicative-Function:Statement:Statement-non-opinion,,,B,8,2,I don't work.,(ROOT (S (VP (LS i) (S (VP (VBP do) (RB n't) (VP (VB work))))) (. .))),FAMILY_LIFE,IF YOU HAVE CHILDRENY
sw09utt/sw_0996_4745.utt,4/sw4745,4745,22,b,Backwards-Communicative-Function:Understanding:Acknowledge,,,A,9,1,Uh-huh.,(ROOT (ADVP (RB uh-huh) (. .))),FAMILY_LIFE,IF YOU HAVE CHILDRENY
sw09utt/sw_0996_4745.utt,4/sw4745,4745,24,sd,Forward-Communicative-Function:Statement:Statement-non-opinion,,,B,10,2,"Because I know my husband, if I were gone as much as he is","(ROOT (SBAR (IN because) (S (FW i) (VP (VB know) (NP (PRP$ my) (NN husband)) (, ,) (SBAR (IN if) (S (NP (FW i)) (VP (VBD were) (VP (VBN gone) (ADVP (ADVP (RB as) (RB much)) (SBAR (IN as) (S (NP (PRP he)) (VP (VBZ is)))))))))))))",FAMILY_LIFE,IF YOU HAVE CHILDRENY
sw09utt/sw_0996_4745.utt,4/sw4745,4745,26,aa,Backwards-Communicative-Function:Agreement:Accept,,,A,11,2,Yeah.,(ROOT (NP (NN yeah) (. .))),FAMILY_LIFE,IF YOU HAVE CHILDRENY
sw09utt/sw_0996_4745.utt,4/sw4745,4745,27,+,Other:Segment-(multi-utterance),,,B,12,1,we wouldn't have the influence on them that I would want to put on them.,(ROOT (S (NP (PRP we)) (VP (MD would) (RB n't) (VP (VB have) (NP (NP (DT the) (NN influence)) (PP (IN on) (NP (PRP them))) (SBAR (WHNP (IN that)) (S (FW i) (VP (MD would) (VP (VB want) (S (VP (TO to) (VP (VB put) (PP (IN on) (NP (PRP them))))))))))))) (. .))),FAMILY_LIFE,IF YOU HAVE CHILDRENY
sw09utt/sw_0996_4745.utt,4/sw4745,4745,29,aa,Backwards-Communicative-Function:Agreement:Accept,,,A,13,2,Exactly.,(ROOT (ADVP (RB exactly) (. .))),FAMILY_LIFE,IF YOU HAVE CHILDRENY
sw09utt/sw_0996_4745.utt,4/sw4745,4745,30,sd,Forward-Communicative-Function:Statement:Statement-non-opinion,,,B,14,1,And I also notice that the children that come over here to play,(ROOT (PP (CC and) (NP (SBAR (WHNP (S (VP (FW i) (ADVP (RB also)) (ADVP (VB notice) (IN that) (NP (NP (DT the) (NNS children)) (SBAR (WHNP (WDT that)) (S (VP (VBP come) (ADVP (IN over) (RB here))))) (S (VP (TO to) (VP (VB play))))))))))))),FAMILY_LIFE,IF YOU HAVE CHILDRENY
sw09utt/sw_0996_4745.utt,4/sw4745,4745,31,b,Backwards-Communicative-Function:Understanding:Acknowledge,,,A,15,1,Uh-huh.,(ROOT (ADVP (RB uh-huh) (. .))),FAMILY_LIFE,IF YOU HAVE CHILDRENY
sw09utt/sw_0996_4745.utt,4/sw4745,4745,32,+,Other:Segment-(multi-utterance),,,B,16,1,that go to daycare every day,(ROOT (SBAR (IN that) (S (VP (VBP go) (PP (TO to) (NP (NN daycare))) (NP (DT every) (NN day)))))),FAMILY_LIFE,IF YOU HAVE CHILDRENY
sw09utt/sw_0996_4745.utt,4/sw4745,4745,33,b,Backwards-Communicative-Function:Understanding:Acknowledge,,,A,17,1,Uh-huh.,(ROOT (ADVP (RB uh-huh) (. .))),FAMILY_LIFE,IF YOU HAVE CHILDRENY
sw09utt/sw_0996_4745.utt,4/sw4745,4745,34,+,Other:Segment-(multi-utterance),,,B,18,1,they don't like to be around adults.,(ROOT (S (NP (PRP they)) (VP (VBP do) (RB n't) (VP (VB like) (S (VP (TO to) (VP (VB be) (PP (IN around) (NP (NNS adults)))))))) (. .))),FAMILY_LIFE,IF YOU HAVE CHILDRENY
sw09utt/sw_0996_4745.utt,4/sw4745,4745,35,b,Backwards-Communicative-Function:Understanding:Acknowledge,,,A,19,1,Uh-huh.,(ROOT (ADVP (RB uh-huh) (. .))),FAMILY_LIFE,IF YOU HAVE CHILDRENY
sw09utt/sw_0996_4745.utt,4/sw4745,4745,39,sd,Forward-Communicative-Function:Statement:Statement-non-opinion,,,B,20,4,They want to do their own thing.,(ROOT (S (NP (PRP they)) (VP (VBP want) (S (VP (TO to) (VP (VB do) (NP (PRP$ their) (JJ own) (NN thing)))))) (. .))),FAMILY_LIFE,IF YOU HAVE CHILDRENY
sw09utt/sw_0996_4745.utt,4/sw4745,4745,40,b,Backwards-Communicative-Function:Understanding:Acknowledge,,,A,21,1,Sure.,(ROOT (ADVP (RB sure) (. .))),FAMILY_LIFE,IF YOU HAVE CHILDRENY
sw09utt/sw_0996_4745.utt,4/sw4745,4745,41,sd,Forward-Communicative-Function:Statement:Statement-non-opinion,,,B,22,1,And they're the very same age as my children.,(ROOT (S (CC and) (S (NP (PRP they)) (VP (VBP 're) (NP (NP (DT the) (ADJP (RB very) (JJ same)) (NN age)) (PP (IN as) (NP (PRP$ my) (NNS children)))))) (. .))),FAMILY_LIFE,IF YOU HAVE CHILDRENY
sw09utt/sw_0996_4745.utt,4/sw4745,4745,43,aa,Backwards-Communicative-Function:Agreement:Accept,,,A,23,2,Exactly.,(ROOT (ADVP (RB exactly) (. .))),FAMILY_LIFE,IF YOU HAVE CHILDRENY
sw09utt/sw_0996_4745.utt,4/sw4745,4745,46,sd,Forward-Communicative-Function:Statement:Statement-non-opinion,,,B,24,3,"but I can talk to the teacher and tell them, on a pretty good basis, after I've worked up at the school for a couple of weeks","(ROOT (SBAR (CC but) (S (NP (FW i)) (VP (MD can) (VP (VP (VB talk) (PP (TO to) (NP (DT the) (NN teacher)))) (CC and) (VP (VB tell) (NP (PRP them)) (, ,) (PP (IN on) (NP (DT a) (ADJP (RB pretty) (JJ good)) (NN basis))) (, ,) (SBAR (IN after) (S (FW i) (VP (VBP 've) (VP (VBN worked) (PRT (RP up)) (PP (IN at) (NP (DT the) (NN school))) (PP (IN for) (NP (NP (DT a) (NN couple)) (PP (IN of) (NP (NNS weeks)))))))))))))))",FAMILY_LIFE,IF YOU HAVE CHILDRENY
sw09utt/sw_0996_4745.utt,4/sw4745,4745,47,b,Backwards-Communicative-Function:Understanding:Acknowledge,,,A,25,1,Uh-huh.,(ROOT (ADVP (RB uh-huh) (. .))),FAMILY_LIFE,IF YOU HAVE CHILDRENY
sw09utt/sw_0996_4745.utt,4/sw4745,4745,48,+,Other:Segment-(multi-utterance),,,B,26,1,which kids go to daycare and which kids stay home.,(ROOT (FRAG (SBAR (SBAR (WHNP (WDT which) (NNS kids)) (S (VP (VBP go) (PP (TO to) (NP (NN daycare)))))) (CC and) (SBAR (WHNP (WDT which) (NNS kids)) (S (VP (VBP stay) (NP (NN home)))))) (. .))),FAMILY_LIFE,IF YOU HAVE CHILDRENY
sw09utt/sw_0996_4745.utt,4/sw4745,4745,50,b^r,Backwards-Communicative-Function:Understanding:Acknowledge,,,A,27,2,sure.,(ROOT (ADVP (RB sure) (. .))),FAMILY_LIFE,IF YOU HAVE CHILDRENY
sw09utt/sw_0996_4745.utt,4/sw4745,4745,51,sv,Forward-Communicative-Function:Statement:Statement-opinion,,,B,28,1,"And you can just tell in their personalities and how they respond to the adults that, uh, the ones that are, are home and the ones even that are at home that are getting the love and attention that they need.","(ROOT (S (CC and) (S (NP (PRP you)) (VP (MD can) (ADVP (RB just)) (VP (VB tell) (PP (IN in) (NP (PRP$ their) (NNS personalities)))))) (CC and) (NX (FRAG (WHADVP (WRB how)) (NP (PRP they)) (VBP respond) (TO to) (NP (DT the) (NNS adults)) (WHNP (IN that)) (, ,) (INTJ (UH uh)) (, ,) (NP (NP (DT the) (NNS ones)) (SBAR (WHNP (WDT that)) (S (VP (VBP are) (, ,) (VP (VBP are) (ADVP (NN home))) (CC and) (NP (NP (DT the) (NNS ones)) (ADVP (RB even)) (SBAR (WHNP (DT that)) (S (VP (VBP are) (PP (IN at) (NP (NN home))) (SBAR (WHNP (WDT that)) (S (VP (VBP are) (VP (VBG getting) (NP (NP (DT the) (NP (NP (NN love)) (CC and) (NP (NN attention)))) (SBAR (WHNP (IN that)) (S (NP (PRP they)) (VP (VBP need))))))))))))))))) (. .)))))",FAMILY_LIFE,IF YOU HAVE CHILDRENY
sw09utt/sw_0996_4745.utt,4/sw4745,4745,52,b,Backwards-Communicative-Function:Understanding:Acknowledge,,,A,29,1,Uh-huh.,(ROOT (ADVP (RB uh-huh) (. .))),FAMILY_LIFE,IF YOU HAVE CHILDRENY
sw09utt/sw_0996_4745.utt,4/sw4745,4745,53,sd,Forward-Communicative-Function:Statement:Statement-non-opinion,,,B,30,1,Not that the kids that go out aren't getting that,(ROOT (SBAR (RB not) (IN that) (S (NP (NP (DT the) (NNS kids)) (SBAR (WHNP (WDT that)) (S (VP (VBP go) (PRT (RP out)))))) (VP (VBP are) (RB n't) (VP (VBG getting) (X (PP (IN that)))))))),FAMILY_LIFE,IF YOU HAVE CHILDRENY
sw09utt/sw_0996_4745.utt,4/sw4745,4745,55,b^r,Backwards-Communicative-Function:Understanding:Acknowledge,,,A,31,2,yeah.,(ROOT (NP (NN yeah) (. .))),FAMILY_LIFE,IF YOU HAVE CHILDRENY
sw09utt/sw_0996_4745.utt,4/sw4745,4745,57,sv,Forward-Communicative-Function:Statement:Statement-opinion,,,B,32,2,"they're, they are more use to being with their own age kids","(ROOT (S (S (NP (PRP they)) (VP (VBP 're))) (, ,) (NP (PRP they)) (VP (VBP are) (VP (RBR more) (VB use) (S (VP (TO to) (VP (VBG being) (PP (IN with) (NP (PRP$ their) (JJ own) (NN age) (NNS kids))))))))))",FAMILY_LIFE,IF YOU HAVE CHILDRENY
sw09utt/sw_0996_4745.utt,4/sw4745,4745,58,b,Backwards-Communicative-Function:Understanding:Acknowledge,,,A,33,1,Sure.,(ROOT (ADVP (RB sure) (. .))),FAMILY_LIFE,IF YOU HAVE CHILDRENY
sw09utt/sw_0996_4745.utt,4/sw4745,4745,59,sv,Forward-Communicative-Function:Statement:Statement-opinion,,,B,34,1,they're not use to being with adults and to responding,(ROOT (S (NP (PRP they)) (VP (VBP 're) (RB not) (VP (VB use) (S (VP (TO to) (VP (VP (VBG being) (PP (IN with) (NP (NNS adults)))) (CC and) (PP (TO to) (VBG responding))))))))),FAMILY_LIFE,IF YOU HAVE CHILDRENY
sw09utt/sw_0996_4745.utt,4/sw4745,4745,60,b,Backwards-Communicative-Function:Understanding:Acknowledge,,,A,35,1,Sure.,(ROOT (ADVP (RB sure) (. .))),FAMILY_LIFE,IF YOU HAVE CHILDRENY
sw09utt/sw_0996_4745.utt,4/sw4745,4745,61,+,Other:Segment-(multi-utterance),,,B,36,1,to adults.,(ROOT (FRAG (PP (TO to) (NP (NNS adults))) (. .))),FAMILY_LIFE,IF YOU HAVE CHILDRENY
sw09utt/sw_0996_4745.utt,4/sw4745,4745,64,%,Communicative-Status:Uninterpretable,,,A,37,3,"I, I MUMBLEx","(ROOT (FRAG (LS i) (, ,) (FW i) (FW mumblex)))",FAMILY_LIFE,IF YOU HAVE CHILDRENY
sw09utt/sw_0996_4745.utt,4/sw4745,4745,66,sv,Forward-Communicative-Function:Statement:Statement-opinion,,,B,38,2,I feel really bad that it's turned so much,(ROOT (NP (FW i) (VP (VBP feel) (ADJP (RB really) (JJ bad)) (SBAR (IN that) (S (NP (PRP it)) (VP (VBZ 's) (VP (VBN turned) (ADVP (RB so) (RB much))))))))),FAMILY_LIFE,IF YOU HAVE CHILDRENY
sw09utt/sw_0996_4745.utt,4/sw4745,4745,67,aa,Backwards-Communicative-Function:Agreement:Accept,,,A,39,1,I think so too.,(ROOT (S (VP (LS i) (FRAG (VP (VB think) (ADVP (RB so) (RB too))))) (. .))),FAMILY_LIFE,IF YOU HAVE CHILDRENY
sw09utt/sw_0996_4745.utt,4/sw4745,4745,68,+,Other:Segment-(multi-utterance),,,B,40,1,"to where the children are, uh","(ROOT (X (PP (TO to) (SBAR (WHADVP (WRB where)) (S (NP (DT the) (NNS children)) (VP (VBP are))))) (, ,) (INTJ (UH uh))))",FAMILY_LIFE,IF YOU HAVE CHILDRENY
sw09utt/sw_0996_4745.utt,4/sw4745,4745,79,sv,Forward-Communicative-Function:Statement:Statement-opinion,,,A,41,11,and,(ROOT (CC and)),FAMILY_LIFE,IF YOU HAVE CHILDRENY
sw09utt/sw_0996_4745.utt,4/sw4745,4745,80,b,Backwards-Communicative-Function:Understanding:Acknowledge,,,B,42,1,Right.,(ROOT (ADVP (RB right) (. .))),FAMILY_LIFE,IF YOU HAVE CHILDRENY
sw09utt/sw_0996_4745.utt,4/sw4745,4745,86,sv,Forward-Communicative-Function:Statement:Statement-opinion,,,A,43,6,and,(ROOT (CC and)),FAMILY_LIFE,IF YOU HAVE CHILDRENY
sw09utt/sw_0996_4745.utt,4/sw4745,4745,87,b,Backwards-Communicative-Function:Understanding:Acknowledge,,,B,44,1,Right.,(ROOT (ADVP (RB right) (. .))),FAMILY_LIFE,IF YOU HAVE CHILDRENY
sw09utt/sw_0996_4745.utt,4/sw4745,4745,91,%,Communicative-Status:Uninterpretable,,,A,45,4,and,(ROOT (CC and)),FAMILY_LIFE,IF YOU HAVE CHILDRENY
sw09utt/sw_0996_4745.utt,4/sw4745,4745,94,sd,Forward-Communicative-Function:Statement:Statement-non-opinion,,,B,46,3,I know that my husband and I have to do a lot of sacrificing,(ROOT (S (VP (LST (LS i)) (VBP know) (SBAR (IN that) (S (NP (NP (PRP$ my) (NN husband)) (CC and) (NP (FW i))) (VP (VBP have) (S (VP (TO to) (VP (VB do) (NP (NP (DT a) (NN lot)) (PP (IN of) (NP (VBG sacrificing))))))))))))),FAMILY_LIFE,IF YOU HAVE CHILDRENY
sw09utt/sw_0996_4745.utt,4/sw4745,4745,95,b,Backwards-Communicative-Function:Understanding:Acknowledge,,,A,47,1,Uh-huh.,(ROOT (ADVP (RB uh-huh) (. .))),FAMILY_LIFE,IF YOU HAVE CHILDRENY
sw09utt/sw_0996_4745.utt,4/sw4745,4745,96,+,Other:Segment-(multi-utterance),,,B,48,1,to keep me home.,(ROOT (S (S (VP (TO to) (VP (VB keep) (S (NP (PRP me)) (ADVP (NN home)))))) (. .))),FAMILY_LIFE,IF YOU HAVE CHILDRENY
sw09utt/sw_0996_4745.utt,4/sw4745,4745,98,sd,Forward-Communicative-Function:Statement:Statement-non-opinion,,,A,49,2,I did it,(ROOT (SINV (LST (LS i)) (VBD did) (NP (PRP it)))),FAMILY_LIFE,IF YOU HAVE CHILDRENY
sw09utt/sw_0996_4745.utt,4/sw4745,4745,99,%,Communicative-Status:Uninterpretable,,,B,50,1,"And, uh","(ROOT (UCP (CC and) (, ,) (INTJ (UH uh))))",FAMILY_LIFE,IF YOU HAVE CHILDRENY
sw09utt/sw_0996_4745.utt,4/sw4745,4745,103,sv,Forward-Communicative-Function:Statement:Statement-opinion,,,A,51,4,"and you're not getting any further, you know, along","(ROOT (S (CC and) (S (NP (PRP you)) (VP (VBP 're) (RB not) (VP (VBG getting) (NP (DT any) (RBR further))))) (, ,) (S (NP (PRP you)) (VP (VBP know))) (, ,) (IN along)))",FAMILY_LIFE,IF YOU HAVE CHILDRENY
sw09utt/sw_0996_4745.utt,4/sw4745,4745,104,b,Backwards-Communicative-Function:Understanding:Acknowledge,,,B,52,1,Right.,(ROOT (ADVP (RB right) (. .))),FAMILY_LIFE,IF YOU HAVE CHILDRENY
sw09utt/sw_0996_4745.utt,4/sw4745,4745,107,sv,Forward-Communicative-Function:Statement:Statement-opinion,,,A,53,3,and it's a tough one.,(ROOT (S (CC and) (S (NP (PRP it)) (VP (VBZ 's) (NP (DT a) (JJ tough) (CD one)))) (. .))),FAMILY_LIFE,IF YOU HAVE CHILDRENY
sw09utt/sw_0996_4745.utt,4/sw4745,4745,109,sv,Forward-Communicative-Function:Statement:Statement-opinion,,,B,54,2,I think,(ROOT (S (VP (LS i) (VP (VB think))))),FAMILY_LIFE,IF YOU HAVE CHILDRENY
sw09utt/sw_0996_4745.utt,4/sw4745,4745,110,%,Communicative-Status:Uninterpretable,,,A,55,1,And I,(ROOT (QP (CC and) (FW i))),FAMILY_LIFE,IF YOU HAVE CHILDRENY
sw09utt/sw_0996_4745.utt,4/sw4745,4745,111,+,Other:Segment-(multi-utterance),,,B,56,1,"one of the things that people look at too though, is, uh, spen-, how they spend their time with their children","(ROOT (S (NP (NP (CD one)) (PP (IN of) (NP (NP (DT the) (NNS things)) (SBAR (WHNP (WDT that)) (S (NP (NNS people)) (VP (VBP look) (PP (IN at) (ADVP (RB too) (RB though))))))))) (, ,) (VP (VBZ is) (, ,) (SBARQ (INTJ (UH uh)) (PRN (, ,) (SYM spen) (: -))) (, ,) (SBAR (WHADVP (WRB how)) (S (NP (PRP they)) (VP (VBP spend) (NP (PRP$ their) (NN time)) (PP (IN with) (NP (PRP$ their) (NNS children)))))))))",FAMILY_LIFE,IF YOU HAVE CHILDRENY
sw09utt/sw_0996_4745.utt,4/sw4745,4745,112,b,Backwards-Communicative-Function:Understanding:Acknowledge,,,A,57,1,Uh-huh.,(ROOT (ADVP (RB uh-huh) (. .))),FAMILY_LIFE,IF YOU HAVE CHILDRENY
sw09utt/sw_0996_4745.utt,4/sw4745,4745,113,sv,Forward-Communicative-Function:Statement:Statement-opinion,,,B,58,1,"I think with working moms, if you can get them ma-, the bosses to give you almost like a rotation like they're going to do with year-round school","(ROOT (S (VP (LS i) (VP (VB think) (S (ADJP (UCP (PP (IN with) (NP (VBG working) (NNS moms))) (, ,) (SBAR (IN if) (S (NP (PRP you)) (VP (MD can) (VP (VB get) (S (NP (PRP them)) (SYM ma)))))) (S (ADJP (: -))))) (, ,) (NP (DT the) (NNS bosses)) (VP (TO to) (VP (VB give) (NP (PRP you)) (SBAR (S (ADVP (RB almost)) (VP (VBP like) (NP (NP (DT a) (NN rotation)) (SBAR (IN like) (S (NP (PRP they)) (VP (VBP 're) (VP (VBG going) (S (VP (TO to) (VP (VB do) (PP (IN with) (NP (JJ year-round) (NN school)))))))))))))))))))))",FAMILY_LIFE,IF YOU HAVE CHILDRENY
sw09utt/sw_0996_4745.utt,4/sw4745,4745,114,b,Backwards-Communicative-Function:Understanding:Acknowledge,,,A,59,1,Sure.,(ROOT (ADVP (RB sure) (. .))),FAMILY_LIFE,IF YOU HAVE CHILDRENY
