swda_filename,ptb_basename,conversation_no,transcript_index,act_tag,act_label_1,act_label_2,act_label_relation,caller,utterance_index,subutterance_index,clean_text,parse_tree,topic_description,prompt
sw03utt/sw_0318_4565.utt,4/sw4565,4565,2,sv,Forward-Communicative-Function:Statement:Statement-opinion,,,A,1,3,We don't even have to cook dinner anymore.,(ROOT (S (NP (PRP we)) (VP (VBP do) (RB n't) (ADVP (RB even)) (VP (VB have) (S (VP (TO to) (VP (VB cook) (NP (NN dinner)) (ADVP (RB anymore))))))) (. .))),FAMILY_LIFE,IF YOU HAVE CHILDRENY
sw03utt/sw_0318_4565.utt,4/sw4565,4565,5,aa,Backwards-Communicative-Function:Agreement:Accept,,,B,2,3,really.,(ROOT (ADVP (RB really) (. .))),FAMILY_LIFE,IF YOU HAVE CHILDRENY
sw03utt/sw_0318_4565.utt,4/sw4565,4565,6,sd,Forward-Communicative-Function:Statement:Statement-non-opinion,,,A,3,1,"Uh, but I, uh","(ROOT (NP (INTJ (UH uh)) (, ,) (CC but) (NP (FW i)) (, ,) (INTJ (UH uh))))",FAMILY_LIFE,IF YOU HAVE CHILDRENY
sw03utt/sw_0318_4565.utt,4/sw4565.pos,4565,7,x,Communicative-Status:Non-verbal,,,B,4,1,.,(ROOT (. .)),FAMILY_LIFE,IF YOU HAVE CHILDRENY
sw03utt/sw_0318_4565.utt,4/sw4565,4565,9,sv,Forward-Communicative-Function:Statement:Statement-opinion,,,A,5,2,"That ki-, the kids maybe on the average get, uh, something like thirty seconds of quality time with the parents.","(ROOT (SBAR (IN that) (FRAG (SYM ki) (INTJ (: -)) (, ,) (NP (NP (DT the) (NNS kids)) (PP (ADVP (RB maybe)) (IN on) (NP (NP (DT the) (JJ average) (VB get)) (, ,) (FRAG (INTJ (UH uh)) (, ,) (NP (NP (NN something)) (PP (IN like) (NP (NP (CD thirty) (NNS seconds)) (PP (IN of) (NP (NP (NN quality) (NN time)) (PP (IN with) (NP (DT the) (NNS parents)))))))) (. .))))))))",FAMILY_LIFE,IF YOU HAVE CHILDRENY
sw03utt/sw_0318_4565.utt,4/sw4565,4565,10,sd,Forward-Communicative-Function:Statement:Statement-non-opinion,,,B,6,1,That's what I've heard too. Uh,(ROOT (S (NP (DT that)) (VP (VBZ 's) (SBAR (WHNP (WP what)) (S (FW i) (VP (VBP 've) (VP (VBN heard) (ADVP (RB too))))))) (. .))),FAMILY_LIFE,IF YOU HAVE CHILDRENY
sw03utt/sw_0318_4565.utt,4/sw4565,4565,12,sv,Forward-Communicative-Function:Statement:Statement-opinion,,,A,7,2,"I don't quite understand it, although I think probably the, the worst thing that's happening in the world, at least the modern world today, is television.","(ROOT (S (VP (LS i) (VP (VBP do) (RB n't) (ADVP (RB quite)) (VP (VB understand) (NP (PRP it))) (, ,) (SBAR (IN although) (S (NP (FW i)) (VP (VBP think) (ADVP (RB probably)) (S (DT the) (, ,) (NP (NP (DT the) (JJS worst) (NN thing)) (SBAR (WHNP (WDT that)) (S (VP (VBZ 's) (VP (VBG happening) (PP (IN in) (NP (DT the) (NN world)))))))) (, ,) (NP (NP (ADVP (IN at) (JJS least)) (DT the) (JJ modern) (NN world)) (NP (NN today))) (, ,) (VP (VBZ is) (NP (NN television))) (. .)))))))))",FAMILY_LIFE,IF YOU HAVE CHILDRENY
sw03utt/sw_0318_4565.utt,4/sw4565,4565,13,b,Backwards-Communicative-Function:Understanding:Acknowledge,,,B,8,1,Yeah.,(ROOT (NP (NN yeah) (. .))),FAMILY_LIFE,IF YOU HAVE CHILDRENY
sw03utt/sw_0318_4565.utt,4/sw4565,4565,15,sv,Forward-Communicative-Function:Statement:Statement-opinion,,,A,9,2,"and I thin, there's also some, uh, I think, uh, poorer lifestyles illustrated but simply because it dominates so much discussionary time.","(ROOT (NP (NP (NP (CC and) (FW i) (ADJP (JJ thin))) (, ,) (S (NP (EX there)) (VP (VBZ 's) (ADVP (RB also)) (NP (NP (DT some)) (, ,) (UH uh) (, ,) (NP (FW i) (VB think)) (, ,) (UH uh) (, ,) (NP (JJR poorer) (NNS lifestyles))))) (VP (VP (VBD illustrated)) (CC but) (SBAR (ADVP (RB simply)) (IN because) (S (NP (PRP it)) (VP (VBZ dominates) (NP (ADJP (RB so) (JJ much)) (JJ discussionary) (NN time))))))) (. .)))",FAMILY_LIFE,IF YOU HAVE CHILDRENY
sw03utt/sw_0318_4565.utt,4/sw4565,4565,16,b,Backwards-Communicative-Function:Understanding:Acknowledge,,,B,10,1,Right.,(ROOT (ADVP (RB right) (. .))),FAMILY_LIFE,IF YOU HAVE CHILDRENY
sw03utt/sw_0318_4565.utt,4/sw4565,4565,17,sv,Forward-Communicative-Function:Statement:Statement-opinion,,,A,11,1,It's so darned easy to turn the thing on.,(ROOT (S (NP (PRP it)) (VP (VBZ 's) (ADJP (RB so) (RB darned) (JJ easy) (SBAR (S (VP (TO to) (VP (VB turn) (NP (DT the) (NN thing)) (PRT (IN on)))))))) (. .))),FAMILY_LIFE,IF YOU HAVE CHILDRENY
sw03utt/sw_0318_4565.utt,4/sw4565,4565,19,sd(^q),none,,,B,12,2,"I've, I tell myself sometimes, just sit down after work","(ROOT (S (S (LS i) (VP (VBP 've))) (, ,) (S (FW i) (VP (VBP tell) (NP (PRP myself)) (ADVP (RB sometimes)) (, ,) (VP (ADVP (RB just)) (VB sit) (PRT (RP down)) (PP (IN after) (NP (NN work))))))))",FAMILY_LIFE,IF YOU HAVE CHILDRENY
sw03utt/sw_0318_4565.utt,4/sw4565,4565,20,sd,Forward-Communicative-Function:Statement:Statement-non-opinion,,,A,13,1,So I refuse to have one in the house.,(ROOT (S (NP (RB so) (FW i)) (VP (VBP refuse) (S (VP (TO to) (VP (VB have) (NP (CD one)) (PP (IN in) (NP (DT the) (NN house))))))) (. .))),FAMILY_LIFE,IF YOU HAVE CHILDRENY
sw03utt/sw_0318_4565.utt,4/sw4565,4565,21,bh,Backwards-Communicative-Function:Understanding:Backchannel-in-question-form,,,B,14,1,Oh really ?,(ROOT (SQ (UH oh) (ADVP (RB really)) (. ?))),FAMILY_LIFE,IF YOU HAVE CHILDRENY
sw03utt/sw_0318_4565.utt,4/sw4565,4565,22,ny,Info-request:Yes answers,,,A,15,1,Yeah.,(ROOT (NP (NN yeah) (. .))),FAMILY_LIFE,IF YOU HAVE CHILDRENY
sw03utt/sw_0318_4565.utt,4/sw4565.pos,4565,28,x,Communicative-Status:Non-verbal,,,B,16,6,.,(ROOT (. .)),FAMILY_LIFE,IF YOU HAVE CHILDRENY
sw03utt/sw_0318_4565.utt,4/sw4565,4565,29,b,Backwards-Communicative-Function:Understanding:Acknowledge,,,A,17,1,Uh-huh.,(ROOT (ADVP (RB uh-huh) (. .))),FAMILY_LIFE,IF YOU HAVE CHILDRENY
sw03utt/sw_0318_4565.utt,4/sw4565,4565,31,ba,Backwards-Communicative-Function:Understanding:Appreciation,,,B,18,2,Well that's good.,(ROOT (S (ADVP (RB well)) (NP (DT that)) (VP (VBZ 's) (ADJP (JJ good))) (. .))),FAMILY_LIFE,IF YOU HAVE CHILDRENY
sw03utt/sw_0318_4565.utt,4/sw4565,4565,37,sv,Forward-Communicative-Function:Statement:Statement-opinion,,,A,19,6,and you don't have to worry about them.,(ROOT (S (CC and) (NP (PRP you)) (VP (VBP do) (RB n't) (VP (VB have) (S (VP (TO to) (VP (VB worry) (PP (IN about) (NP (PRP them)))))))) (. .))),FAMILY_LIFE,IF YOU HAVE CHILDRENY
sw03utt/sw_0318_4565.utt,4/sw4565,4565,39,sd,Forward-Communicative-Function:Statement:Statement-non-opinion,,,B,20,2,I've noticed that.,(ROOT (FRAG (SBAR (LS i) (S (VP (VBP 've) (VP (VBN noticed) (NP (IN that)))))) (. .))),FAMILY_LIFE,IF YOU HAVE CHILDRENY
sw03utt/sw_0318_4565.utt,4/sw4565,4565,40,sv,Forward-Communicative-Function:Statement:Statement-opinion,,,A,21,1,But I don't think it's too good.,(ROOT (S (CC but) (S (NP (FW i)) (VP (VBP do) (RB n't) (VP (VB think) (SBAR (S (NP (PRP it)) (VP (VBZ 's) (ADJP (RB too) (JJ good)))))))) (. .))),FAMILY_LIFE,IF YOU HAVE CHILDRENY
sw03utt/sw_0318_4565.utt,4/sw4565,4565,41,aa,Backwards-Communicative-Function:Agreement:Accept,,,B,22,1,I don't think so either.,(ROOT (S (S (LS i) (VP (VBP do) (RB n't) (VP (VB think) (ADVP (RB so)) (ADVP (RB either))))) (. .))),FAMILY_LIFE,IF YOU HAVE CHILDRENY
sw03utt/sw_0318_4565.utt,4/sw4565,4565,47,sv,Forward-Communicative-Function:Statement:Statement-opinion,,,A,23,6,"and, you know, whenever you're with your kids, you want to interact with them rather than just ignore them.","(ROOT (S (CC and) (PRN (, ,) (S (NP (PRP you)) (VP (VBP know))) (, ,)) (SBAR (WHADVP (WRB whenever)) (S (NP (PRP you)) (VP (VBP 're) (PP (IN with) (NP (PRP$ your) (NNS kids)))))) (, ,) (NP (PRP you)) (VP (VP (VBP want) (S (VP (TO to) (VP (VB interact) (PP (IN with) (NP (PRP them))))))) (CONJP (RB rather) (IN than)) (VP (ADVP (RB just)) (VB ignore) (NP (PRP them)))) (. .)))",FAMILY_LIFE,IF YOU HAVE CHILDRENY
sw03utt/sw_0318_4565.utt,4/sw4565,4565,49,%,Communicative-Status:Uninterpretable,,,B,24,2,or,(ROOT (CC or)),FAMILY_LIFE,IF YOU HAVE CHILDRENY
sw03utt/sw_0318_4565.utt,4/sw4565,4565,50,sd,Forward-Communicative-Function:Statement:Statement-non-opinion,,,A,25,1,"Uh, I guess our big outlet is music. Uh","(ROOT (NP (NP (INTJ (UH uh)) (, ,) (FW i) (FRAG (VP (VB guess) (SBAR (S (NP (PRP$ our) (JJ big) (NN outlet)) (VP (VBZ is) (NP (NN music)))))))) (. .)))",FAMILY_LIFE,IF YOU HAVE CHILDRENY
sw03utt/sw_0318_4565.utt,4/sw4565,4565,51,bk,Backwards-Communicative-Function:Understanding:Response Acknowledgement,,,B,26,1,"Oh, okay.","(ROOT (FRAG (ADJP (INTJ (UH oh)) (, ,) (JJ okay)) (. .)))",FAMILY_LIFE,IF YOU HAVE CHILDRENY
sw03utt/sw_0318_4565.utt,4/sw4565,4565,53,sd,Forward-Communicative-Function:Statement:Statement-non-opinion,,,A,27,2,and our,(ROOT (FRAG (CC and) (NP (PRP$ our)))),FAMILY_LIFE,IF YOU HAVE CHILDRENY
sw03utt/sw_0318_4565.utt,4/sw4565.pos,4565,54,x,Communicative-Status:Non-verbal,,,B,28,1,.,(ROOT (. .)),FAMILY_LIFE,IF YOU HAVE CHILDRENY
sw03utt/sw_0318_4565.utt,4/sw4565,4565,55,+,Other:Segment-(multi-utterance),,,A,29,1,nine year old daughter plays cello,(ROOT (S (NP (CD nine) (NN year) (JJ old) (NN daughter)) (VP (VBZ plays) (NP (NNS cello))))),FAMILY_LIFE,IF YOU HAVE CHILDRENY
sw03utt/sw_0318_4565.utt,4/sw4565,4565,56,bk,Backwards-Communicative-Function:Understanding:Response Acknowledgement,,,B,30,1,Okay.,(ROOT (ADJP (JJ okay) (. .))),FAMILY_LIFE,IF YOU HAVE CHILDRENY
sw03utt/sw_0318_4565.utt,4/sw4565,4565,58,sd,Forward-Communicative-Function:Statement:Statement-non-opinion,,,A,31,2,"and when our daughter started playing cello, I took up cello.","(ROOT (S (CC and) (SBAR (WHADVP (WRB when)) (S (NP (PRP$ our) (NN daughter)) (VP (VBD started) (NP (VBG playing) (NNS cello))))) (, ,) (NP (FW i)) (VP (VBD took) (PRT (RP up)) (NP (NNS cello))) (. .)))",FAMILY_LIFE,IF YOU HAVE CHILDRENY
sw03utt/sw_0318_4565.utt,4/sw4565.pos,4565,59,x,Communicative-Status:Non-verbal,,,B,32,1,.,(ROOT (. .)),FAMILY_LIFE,IF YOU HAVE CHILDRENY
sw03utt/sw_0318_4565.utt,4/sw4565,4565,60,sd,Forward-Communicative-Function:Statement:Statement-non-opinion,,,A,33,1,"So there's plenty of, plenty of interactive time in, uh, practicing. Although neither kid likes to practice.","(ROOT (FRAG (SBAR (RB so) (S (NP (EX there)) (VP (VBZ 's) (NP (NP (NP (NN plenty)) (PP (IN of))) (, ,) (NP (NP (NN plenty)) (PP (IN of) (NP (JJ interactive) (NN time)))) (PP (IN in))) (, ,) (INTJ (UH uh)) (, ,) (S (VP (VBG practicing)))))) (. .)))",FAMILY_LIFE,IF YOU HAVE CHILDRENY
sw03utt/sw_0318_4565.utt,4/sw4565.pos,4565,61,x,Communicative-Status:Non-verbal,,,B,34,1,.,(ROOT (. .)),FAMILY_LIFE,IF YOU HAVE CHILDRENY
sw03utt/sw_0318_4565.utt,4/sw4565,4565,62,sv,Forward-Communicative-Function:Statement:Statement-opinion,,,A,35,1,I guess that's not a big surprise.,(ROOT (NP (NP (LST (LS i)) (NP (NP (NN guess)) (SBAR (WHNP (WDT that)) (S (VP (VBZ 's) (RB not) (NP (DT a) (JJ big) (NN surprise))))))) (. .))),FAMILY_LIFE,IF YOU HAVE CHILDRENY
sw03utt/sw_0318_4565.utt,4/sw4565,4565,64,sv,Forward-Communicative-Function:Statement:Statement-opinion,,,B,36,2,Not for kids.,(ROOT (FRAG (PP (RB not) (IN for) (NP (NNS kids))) (. .))),FAMILY_LIFE,IF YOU HAVE CHILDRENY
sw03utt/sw_0318_4565.utt,4/sw4565,4565,65,sv,Forward-Communicative-Function:Statement:Statement-opinion,,,A,37,1,"But I mea-, I imagine with infants you are, most of your time is sort of spent taking care of them rather than interacting with them.","(ROOT (NP (NP (NP (CC but) (ADJP (PRN (ADVP (FW i) (FW mea)) (: -))) (, ,) (FW i) (VBP imagine)) (PP (IN with) (NP (NNS infants))) (SBAR (S (NP (PRP you)) (VP (VBP are)))) (, ,)) (SBAR (S (NP (NP (JJS most)) (PP (IN of) (NP (PRP$ your) (NN time)))) (VP (VBZ is) (NP (NP (NN sort)) (PP (IN of) (S (VP (VBN spent) (S (VP (VBG taking) (NP (NN care)) (VP (PP (IN of) (NP (PRP them))) (PP (CONJP (RB rather) (IN than)) (S (VP (VBG interacting) (PP (IN with) (NP (PRP them)))))))))))))))) (. .)))",FAMILY_LIFE,IF YOU HAVE CHILDRENY
sw03utt/sw_0318_4565.utt,4/sw4565,4565,67,sd,Forward-Communicative-Function:Statement:Statement-non-opinion,,,B,38,2,Well,(ROOT (ADVP (RB well))),FAMILY_LIFE,IF YOU HAVE CHILDRENY
sw03utt/sw_0318_4565.utt,4/sw4565,4565,68,+,Other:Segment-(multi-utterance),,,A,39,1,Although,(ROOT (IN although)),FAMILY_LIFE,IF YOU HAVE CHILDRENY
sw03utt/sw_0318_4565.utt,4/sw4565,4565,71,%@,Communicative-Status:Uninterpretable,,,B,40,3,and,(ROOT (CC and)),FAMILY_LIFE,IF YOU HAVE CHILDRENY
sw03utt/sw_0318_4565.utt,4/sw4565,4565,72,sv,Forward-Communicative-Function:Statement:Statement-opinion,,,A,41,1,"Oh, you know, reading is so good.","(ROOT (S (S (INTJ (UH oh)) (, ,) (NP (PRP you)) (VP (VBP know) (, ,) (S (VP (VBG reading))))) (VP (VBZ is) (ADJP (RB so) (JJ good))) (. .)))",FAMILY_LIFE,IF YOU HAVE CHILDRENY
sw03utt/sw_0318_4565.utt,4/sw4565,4565,73,+@,Other:Segment-(multi-utterance),,,B,42,1,Yeah.,(ROOT (NP (NN yeah) (. .))),FAMILY_LIFE,IF YOU HAVE CHILDRENY
sw03utt/sw_0318_4565.utt,4/sw4565,4565,75,sd,Forward-Communicative-Function:Statement:Statement-non-opinion,,,A,43,2,"and I still try to read to them, although our son is not liking that anymore.","(ROOT (S (CC and) (VP (FW i) (ADVP (RB still)) (VP (VB try) (S (VP (TO to) (VP (VB read) (PP (TO to) (NP (PRP them))) (, ,) (SBAR (IN although) (S (NP (PRP$ our) (NN son)) (VP (VBZ is) (RB not) (VP (VBG liking) (ADVP (IN that) (ADVP (RB anymore)))))))))))) (. .)))",FAMILY_LIFE,IF YOU HAVE CHILDRENY
sw03utt/sw_0318_4565.utt,4/sw4565,4565,77,sv,Forward-Communicative-Function:Statement:Statement-opinion,,,B,44,2,"Well, they get to that stage.","(ROOT (S (ADVP (RB well)) (, ,) (NP (PRP they)) (VP (VBP get) (PP (TO to) (NP (DT that) (NN stage)))) (. .)))",FAMILY_LIFE,IF YOU HAVE CHILDRENY
sw03utt/sw_0318_4565.utt,4/sw4565,4565,80,qy,Info-request:Yes-No-Question,,,A,45,3,Have you ever seen that yet ?,(ROOT (S (VP (VB have) (NP (PRP you)) (VP (ADVP (RB ever)) (VP (VBN seen) (ADVP (IN that) (RB yet))))) (. ?))),FAMILY_LIFE,IF YOU HAVE CHILDRENY
sw03utt/sw_0318_4565.utt,4/sw4565,4565,82,nn,Backwards-Communicative-Function:Answer:No answers,,,B,46,2,no.,(ROOT (INTJ (DT no) (. .))),FAMILY_LIFE,IF YOU HAVE CHILDRENY
sw03utt/sw_0318_4565.utt,4/sw4565,4565,86,sd,Forward-Communicative-Function:Statement:Statement-non-opinion,,,A,47,4,I tell you I read that book to my kids so many times I almost have the thing memorized.,(ROOT (S (VP (LS i) (S (VP (VB tell) (NP (PRP you)) (ADVP (FW i) (VBP read)) (SBAR (IN that) (S (NP (NP (NP (NN book)) (PP (TO to) (NP (PRP$ my) (NNS kids)))) (NP (ADJP (RB so) (JJ many)) (NNS times) (FW i))) (ADVP (RB almost)) (VP (VBP have) (S (NP (DT the) (NN thing)) (VP (VBN memorized))))))))) (. .))),FAMILY_LIFE,IF YOU HAVE CHILDRENY
sw03utt/sw_0318_4565.utt,4/sw4565.pos,4565,87,x,Communicative-Status:Non-verbal,,,B,48,1,.,(ROOT (. .)),FAMILY_LIFE,IF YOU HAVE CHILDRENY
sw03utt/sw_0318_4565.utt,4/sw4565,4565,88,b,Backwards-Communicative-Function:Understanding:Acknowledge,,,A,49,1,Uh,(ROOT (INTJ (UH uh))),FAMILY_LIFE,IF YOU HAVE CHILDRENY
sw03utt/sw_0318_4565.utt,4/sw4565,4565,89,sd,Forward-Communicative-Function:Statement:Statement-non-opinion,,,B,50,1,We've got quite a few of DOCTOR SEUSS' books.,(ROOT (S (NP (PRP we)) (VP (VBP 've) (NP (VBN got) (NP (NP (RB quite) (DT a) (JJ few)) (PP (IN of) (NP (NN doctor) (NN seuss)))) ('' ') (NNS books))) (. .))),FAMILY_LIFE,IF YOU HAVE CHILDRENY
sw03utt/sw_0318_4565.utt,4/sw4565,4565,91,sd,Forward-Communicative-Function:Statement:Statement-non-opinion,,,A,51,2,"Well, I think, I think his sleep book is my favorite.","(ROOT (S (VP (ADVP (RB well)) (, ,) (NP (FW i) (VB think) (, ,) (FW i) (FRAG (VP (VB think) (SBAR (S (NP (PRP$ his) (NN sleep) (NN book)) (VP (VBZ is) (NP (PRP$ my) (JJ favorite))))))))) (. .)))",FAMILY_LIFE,IF YOU HAVE CHILDRENY
sw03utt/sw_0318_4565.utt,4/sw4565,4565,92,bh,Backwards-Communicative-Function:Understanding:Backchannel-in-question-form,,,B,52,1,"Oh, really ?","(ROOT (FRAG (INTJ (UH oh)) (, ,) (ADVP (RB really)) (. ?)))",FAMILY_LIFE,IF YOU HAVE CHILDRENY
sw03utt/sw_0318_4565.utt,4/sw4565,4565,93,ny,Info-request:Yes answers,,,A,53,1,Uh-huh.,(ROOT (ADVP (RB uh-huh) (. .))),FAMILY_LIFE,IF YOU HAVE CHILDRENY
sw03utt/sw_0318_4565.utt,4/sw4565,4565,101,sd,Forward-Communicative-Function:Statement:Statement-non-opinion,,,B,54,8,"To, I like to get away in a book, you know ?","(ROOT (SQ (TO to) (, ,) (FW i) (SBAR (IN like) (S (VP (TO to) (VP (VB get) (ADVP (RB away) (PP (IN in) (NP (DT a) (NN book)))))))) (S (, ,) (NP (PRP you)) (VP (VB know)) (. ?))))",FAMILY_LIFE,IF YOU HAVE CHILDRENY
sw03utt/sw_0318_4565.utt,4/sw4565,4565,103,b^r,Backwards-Communicative-Function:Understanding:Acknowledge,,,A,55,2,uh-huh.,(ROOT (ADVP (RB uh-huh) (. .))),FAMILY_LIFE,IF YOU HAVE CHILDRENY
sw03utt/sw_0318_4565.utt,4/sw4565,4565,104,sd,Forward-Communicative-Function:Statement:Statement-non-opinion,,,B,56,1,"And so I've put a lot more emphasis on that, on my kids","(ROOT (FRAG (CC and) (RB so) (FW i) (VP (VBP 've) (VP (VBN put) (NP (ADJP (NP (DT a) (NN lot)) (JJR more)) (NN emphasis)) (PP (IN on) (NP (DT that))) (, ,) (PP (IN on) (NP (PRP$ my) (NNS kids)))))))",FAMILY_LIFE,IF YOU HAVE CHILDRENY
sw03utt/sw_0318_4565.utt,4/sw4565,4565,106,qw,Info-request:Wh-Question,,,A,57,2,So how,(ROOT (WHADJP (RB so) (WHADVP (WRB how)))),FAMILY_LIFE,IF YOU HAVE CHILDRENY
sw03utt/sw_0318_4565.utt,4/sw4565,4565,107,+,Other:Segment-(multi-utterance),,,B,58,1,to try and,(ROOT (INTJ (S (VP (TO to) (VP (VB try)))) (CC and))),FAMILY_LIFE,IF YOU HAVE CHILDRENY
sw03utt/sw_0318_4565.utt,4/sw4565,4565,108,+,Other:Segment-(multi-utterance),,,A,59,1,much time do you think you spend with your kids on the average per each day ?,(ROOT (SBARQ (NP (JJ much) (NN time)) (SQ (VBP do) (NP (PRP you)) (VP (VB think) (S (NP (PRP you)) (VP (VB spend) (PP (IN with) (NP (PRP$ your) (NNS kids))) (PP (IN on) (ADJP (DT the) (JJ average) (PP (IN per) (NP (DT each) (NN day))))))))) (. ?))),FAMILY_LIFE,IF YOU HAVE CHILDRENY
sw03utt/sw_0318_4565.utt,4/sw4565,4565,109,sd,Forward-Communicative-Function:Statement:Statement-non-opinion,,,B,60,1,"Oh, I probably spend an hour or two.","(ROOT (S (INTJ (UH oh)) (, ,) (FW i) (ADVP (RB probably)) (VP (VBP spend) (NP (DT an) (NN hour) (QP (CC or) (CD two)))) (. .)))",FAMILY_LIFE,IF YOU HAVE CHILDRENY
sw03utt/sw_0318_4565.utt,4/sw4565,4565,110,ba,Backwards-Communicative-Function:Understanding:Appreciation,,,A,61,1,Oh that's great.,(ROOT (S (INTJ (UH oh)) (NP (DT that)) (VP (VBZ 's) (ADJP (JJ great))) (. .))),FAMILY_LIFE,IF YOU HAVE CHILDRENY
sw03utt/sw_0318_4565.utt,4/sw4565,4565,114,sd,Forward-Communicative-Function:Statement:Statement-non-opinion,,,B,62,4,and so,(ROOT (QP (CC and) (RB so))),FAMILY_LIFE,IF YOU HAVE CHILDRENY
sw03utt/sw_0318_4565.utt,4/sw4565,4565,115,b,Backwards-Communicative-Function:Understanding:Acknowledge,,,A,63,1,"Oh, I see.","(ROOT (S (VP (INTJ (UH oh)) (, ,) (NP (FW i) (VP (VB see)))) (. .)))",FAMILY_LIFE,IF YOU HAVE CHILDRENY
sw03utt/sw_0318_4565.utt,4/sw4565,4565,116,+,Other:Segment-(multi-utterance),,,B,64,1,I spend a lot of time with them.,(ROOT (S (LS i) (VP (VBP spend) (NP (NP (DT a) (NN lot)) (PP (IN of) (NP (NP (NN time)) (PP (IN with) (NP (PRP them))))))) (. .))),FAMILY_LIFE,IF YOU HAVE CHILDRENY
sw03utt/sw_0318_4565.utt,4/sw4565,4565,117,qw,Info-request:Wh-Question,,,A,65,1,"Ho, how old are your kids again ?","(ROOT (NP (NP (NN ho)) (, ,) (SBAR (WHADJP (WRB how) (JJ old)) (S (VP (VBP are) (NP (PRP$ your) (NNS kids)) (ADVP (RB again))))) (. ?)))",FAMILY_LIFE,IF YOU HAVE CHILDRENY
sw03utt/sw_0318_4565.utt,4/sw4565,4565,118,sd,Forward-Communicative-Function:Statement:Statement-non-opinion,,,B,66,1,They're two and one.,(ROOT (S (NP (PRP they)) (VP (VBP 're) (NP (NP (CD two)) (CC and) (NP (CD one)))) (. .))),FAMILY_LIFE,IF YOU HAVE CHILDRENY
sw03utt/sw_0318_4565.utt,4/sw4565,4565,119,b^m,Backwards-Communicative-Function:Understanding:Repeat-phrase,,,A,67,1,Two and one.,(ROOT (NP (NP (NP (CD two)) (CC and) (NP (CD one))) (. .))),FAMILY_LIFE,IF YOU HAVE CHILDRENY
sw03utt/sw_0318_4565.utt,4/sw4565,4565,120,b,Backwards-Communicative-Function:Understanding:Acknowledge,,,B,68,1,Uh-huh.,(ROOT (ADVP (RB uh-huh) (. .))),FAMILY_LIFE,IF YOU HAVE CHILDRENY
sw03utt/sw_0318_4565.utt,4/sw4565,4565,123,sv,Forward-Communicative-Function:Statement:Statement-opinion,,,A,69,3,that's for sure.,(ROOT (S (NP (DT that)) (VP (VBZ 's) (PP (IN for) (ADJP (JJ sure)))) (. .))),FAMILY_LIFE,IF YOU HAVE CHILDRENY
sw03utt/sw_0318_4565.utt,4/sw4565,4565,124,aa,Backwards-Communicative-Function:Agreement:Accept,,,B,70,1,Yeah.,(ROOT (NP (NN yeah) (. .))),FAMILY_LIFE,IF YOU HAVE CHILDRENY
