swda_filename,ptb_basename,conversation_no,transcript_index,act_tag,act_label_1,act_label_2,act_label_relation,caller,utterance_index,subutterance_index,clean_text,parse_tree,topic_description,prompt
sw09utt/sw_0925_4681.utt,4/sw4681,4681,1,qy,Info-request:Yes-No-Question,,,A,1,2,Do you want to go ahead ?,(ROOT (SQ (VB do) (NP (PRP you)) (VP (VBP want) (S (VP (TO to) (VP (VB go) (ADVP (RB ahead)))))) (. ?))),TAXES,TALK ABOUT WHETHER AMERICANSY
sw09utt/sw_0925_4681.utt,4/sw4681,4681,5,sv,Forward-Communicative-Function:Statement:Statement-opinion,,,B,2,4,I mean,(ROOT (S (VP (FW i) (VP (VB mean))))),TAXES,TALK ABOUT WHETHER AMERICANSY
sw09utt/sw_0925_4681.utt,4/sw4681,4681,6,b,Backwards-Communicative-Function:Understanding:Acknowledge,,,A,3,1,Uh-huh.,(ROOT (ADVP (RB uh-huh) (. .))),TAXES,TALK ABOUT WHETHER AMERICANSY
sw09utt/sw_0925_4681.utt,4/sw4681,4681,7,+,Other:Segment-(multi-utterance),,,B,4,1,it's just,(ROOT (S (NP (PRP it)) (VP (VBZ 's) (ADVP (RB just))))),TAXES,TALK ABOUT WHETHER AMERICANSY
sw09utt/sw_0925_4681.utt,4/sw4681,4681,8,aa,Backwards-Communicative-Function:Agreement:Accept,,,A,5,1,I agree.,(ROOT (S (S (LS i) (VP (VBP agree))) (. .))),TAXES,TALK ABOUT WHETHER AMERICANSY
sw09utt/sw_0925_4681.utt,4/sw4681,4681,9,+,Other:Segment-(multi-utterance),,,B,6,1,"I don't know, it ju-, just seems too much of the money is just lost.","(ROOT (S (S (LS i) (VP (VBP do) (RB n't) (VP (VB know)))) (, ,) (NP (PRP it)) (VP (SYM ju) (: -) (, ,) (SBAR (S (ADVP (RB just)) (VP (VBZ seems) (SBAR (S (NP (NP (RB too) (JJ much)) (PP (IN of) (NP (DT the) (NN money)))) (VP (VBZ is) (VP (ADVP (RB just)) (VBN lost))))))))) (. .)))",TAXES,TALK ABOUT WHETHER AMERICANSY
sw09utt/sw_0925_4681.utt,4/sw4681,4681,12,%,Communicative-Status:Uninterpretable,,,A,7,3,"when you, when","(ROOT (SBAR (WHADVP (WRB when)) (FRAG (NP (NP (PRP you)) (, ,) (WHADVP (WRB when))))))",TAXES,TALK ABOUT WHETHER AMERICANSY
sw09utt/sw_0925_4681.utt,4/sw4681,4681,14,qy,Info-request:Yes-No-Question,,,B,8,2,"You mean like those, you know, twenty thousand dollar toilets ?","(ROOT (S (NP (PRP you)) (VP (VBP mean) (FRAG (SBAR (IN like) (S (NP (DT those)) (, ,) (NP (PRP you)) (VP (VBP know)))) (, ,) (NP (QP (CD twenty) (CD thousand)) (NN dollar) (NNS toilets)) (. ?)))))",TAXES,TALK ABOUT WHETHER AMERICANSY
sw09utt/sw_0925_4681.utt,4/sw4681,4681,22,^q,none,,,A,9,8,it's just unlimited,(ROOT (S (NP (PRP it)) (VP (VBZ 's) (ADJP (RB just) (JJ unlimited))))),TAXES,TALK ABOUT WHETHER AMERICANSY
sw09utt/sw_0925_4681.utt,4/sw4681,4681,25,^g,none,,,B,10,3,Right ?,(ROOT (ADVP (RB right) (. ?))),TAXES,TALK ABOUT WHETHER AMERICANSY
sw09utt/sw_0925_4681.utt,4/sw4681,4681,31,%,Communicative-Status:Uninterpretable,,,A,11,6,"and, uh","(ROOT (UCP (CC and) (, ,) (INTJ (UH uh))))",TAXES,TALK ABOUT WHETHER AMERICANSY
sw09utt/sw_0925_4681.utt,4/sw4681,4681,34,sd,Forward-Communicative-Function:Statement:Statement-non-opinion,,,B,12,3,It's just when they pay so much for it.,(ROOT (S (NP (PRP it)) (VP (VBZ 's) (SBAR (ADVP (RB just)) (WHADVP (WRB when)) (S (NP (PRP they)) (VP (VBP pay) (NP (RB so) (JJ much)) (PP (IN for) (NP (PRP it))))))) (. .))),TAXES,TALK ABOUT WHETHER AMERICANSY
sw09utt/sw_0925_4681.utt,4/sw4681,4681,35,aa,Backwards-Communicative-Function:Agreement:Accept,,,A,13,1,Exactly.,(ROOT (ADVP (RB exactly) (. .))),TAXES,TALK ABOUT WHETHER AMERICANSY
sw09utt/sw_0925_4681.utt,4/sw4681,4681,36,sv,Forward-Communicative-Function:Statement:Statement-opinion,,,B,14,1,"It takes you know, very little to just shop around and","(ROOT (S (NP (PRP it)) (VP (VBZ takes) (NP (PRP you)) (VP (VP (VBP know) (, ,) (ADJP (RB very) (JJ little) (S (VP (TO to) (VP (ADVP (RB just)) (VB shop) (PRT (RB around))))))) (CC and)))))",TAXES,TALK ABOUT WHETHER AMERICANSY
sw09utt/sw_0925_4681.utt,4/sw4681,4681,39,sv,Forward-Communicative-Function:Statement:Statement-opinion,,,A,15,3,and they're looking,(ROOT (QP (CC and) (SBAR (S (NP (PRP they)) (VP (VBP 're) (VBG looking)))))),TAXES,TALK ABOUT WHETHER AMERICANSY
sw09utt/sw_0925_4681.utt,4/sw4681,4681,40,aa,Backwards-Communicative-Function:Agreement:Accept,,,B,16,1,That's true.,(ROOT (S (NP (DT that)) (VP (VBZ 's) (ADJP (JJ true))) (. .))),TAXES,TALK ABOUT WHETHER AMERICANSY
sw09utt/sw_0925_4681.utt,4/sw4681,4681,43,sv,Forward-Communicative-Function:Statement:Statement-opinion,,,A,17,3,and you didn't care what you paid.,(ROOT (S (CC and) (NP (PRP you)) (VP (VBD did) (RB n't) (VP (VB care) (SBAR (WHNP (WP what)) (S (NP (PRP you)) (VP (VBD paid)))))) (. .))),TAXES,TALK ABOUT WHETHER AMERICANSY
sw09utt/sw_0925_4681.utt,4/sw4681,4681,44,b,Backwards-Communicative-Function:Understanding:Acknowledge,,,B,18,1,Yep.,(ROOT (NP (NN yep) (. .))),TAXES,TALK ABOUT WHETHER AMERICANSY
sw09utt/sw_0925_4681.utt,4/sw4681,4681,47,sv,Forward-Communicative-Function:Statement:Statement-opinion,,,A,19,3,"Going to actually shop at Best Buy for, Best Buy is one of our electronic stores","(ROOT (S (S (VP (VBG going) (S (VP (TO to) (ADVP (RB actually)) (VP (VB shop) (ADVP (IN at) (JJS best)) (VP (VB buy) (PP (IN for)))))))) (, ,) (NP (JJS best) (NN buy)) (VP (VBZ is) (NP (NP (CD one)) (PP (IN of) (NP (PRP$ our) (JJ electronic) (NNS stores)))))))",TAXES,TALK ABOUT WHETHER AMERICANSY
sw09utt/sw_0925_4681.utt,4/sw4681,4681,48,b,Backwards-Communicative-Function:Understanding:Acknowledge,,,B,20,1,Right.,(ROOT (ADVP (RB right) (. .))),TAXES,TALK ABOUT WHETHER AMERICANSY
sw09utt/sw_0925_4681.utt,4/sw4681,4681,49,+,Other:Segment-(multi-utterance),,,A,21,1,"for fax machines, things like that, instead of going through these office supply companies that mark up their amounts and say, you know, I'll give","(ROOT (S (S (PP (IN for) (NP (NP (NN fax) (NNS machines)) (, ,) (NP (NP (NNS things)) (PP (IN like) (NP (DT that)))) (, ,) (CONJP (RB instead) (IN of)) (VP (VBG going) (PP (IN through) (NP (NP (DT these) (NN office) (NN supply) (NNS companies)) (SBAR (WHNP (WDT that)) (S (VP (VP (VBP mark) (PRT (RP up)) (NP (PRP$ their) (NNS amounts))) (CC and) (ADJP (VB say)))))))))) (, ,) (NP (PRP you)) (VP (VBP know))) (, ,) (FW i) (VP (MD 'll) (VP (VB give)))))",TAXES,TALK ABOUT WHETHER AMERICANSY
sw09utt/sw_0925_4681.utt,4/sw4681,4681,51,sv,Forward-Communicative-Function:Statement:Statement-opinion,,,A,23,1,"and you can go to another shop and get it for maybe sixty cents or nin-, or ninety cents","(ROOT (SBAR (CC and) (S (NP (PRP you)) (VP (VP (MD can) (VP (VB go) (PP (TO to) (NP (DT another) (NN shop))))) (CC and) (VP (VB get) (NP (PRP it)) (PP (IN for) (SINV (ADVP (RB maybe)) (NP (NP (CD sixty) (NNS cents) (CC or) (NN nin)) (: -) (, ,) (CC or) (NP (CD ninety) (NNS cents))))))))))",TAXES,TALK ABOUT WHETHER AMERICANSY
sw09utt/sw_0925_4681.utt,4/sw4681,4681,52,b,Backwards-Communicative-Function:Understanding:Acknowledge,,,B,24,1,Yeah.,(ROOT (NP (NN yeah) (. .))),TAXES,TALK ABOUT WHETHER AMERICANSY
sw09utt/sw_0925_4681.utt,4/sw4681,4681,54,%,Communicative-Status:Uninterpretable,,,A,25,2,so.,(ROOT (ADVP (RB so) (. .))),TAXES,TALK ABOUT WHETHER AMERICANSY
sw09utt/sw_0925_4681.utt,4/sw4681,4681,55,qh,Rhetorical-Questions,,,B,26,1,I'm also wondering why our taxes are still so high considering like the world's probably in better shape now than it has been in the last fifty years.,(ROOT (S (VP (LS i) (S (VP (VBP 'm) (ADVP (RB also)) (VP (VBG wondering) (SBAR (WHADVP (WRB why)) (S (NP (PRP$ our) (NNS taxes)) (VP (VBP are) (ADVP (RB still)) (ADJP (ADJP (RB so) (JJ high)) (S (VP (VBG considering) (PP (IN like) (NP (NP (DT the) (NN world) (POS 's)) (PP (ADVP (RB probably)) (IN in) (NP (JJR better) (NN shape))))) (ADVP (ADVP (RB now)) (SBAR (IN than) (S (NP (PRP it)) (VP (VBZ has) (VP (VBN been) (PP (IN in) (NP (DT the) (JJ last) (CD fifty) (NNS years)))))))))))))))))) (. .))),TAXES,TALK ABOUT WHETHER AMERICANSY
sw09utt/sw_0925_4681.utt,4/sw4681,4681,56,sv,Forward-Communicative-Function:Statement:Statement-opinion,,,A,27,1,"Except for everything keeps going up, you know.","(ROOT (FRAG (PP (IN except) (SBAR (IN for) (S (NP (NN everything)) (VP (VBZ keeps) (S (VP (VBG going) (PRT (RP up)))) (, ,) (SBAR (S (NP (PRP you)) (VP (VBP know)))))))) (. .)))",TAXES,TALK ABOUT WHETHER AMERICANSY
sw09utt/sw_0925_4681.utt,4/sw4681,4681,59,sd,Forward-Communicative-Function:Statement:Statement-non-opinion,,,A,29,2,and also I have one dependent has,(ROOT (S (UCP (CC and) (ADVP (RB also)) (VP (FW i) (VP (VBP have) (NP (CD one) (JJ dependent))))) (VP (VBZ has)))),TAXES,TALK ABOUT WHETHER AMERICANSY
sw09utt/sw_0925_4681.utt,4/sw4681,4681,60,b,Backwards-Communicative-Function:Understanding:Acknowledge,,,B,30,1,Uh-huh.,(ROOT (ADVP (RB uh-huh) (. .))),TAXES,TALK ABOUT WHETHER AMERICANSY
sw09utt/sw_0925_4681.utt,4/sw4681,4681,62,sd,Forward-Communicative-Function:Statement:Statement-non-opinion,,,A,31,2,"and I keep looking at well where's the tax, so-called tax, uh, relief","(ROOT (X (CC and) (S (VP (FW i) (VP (VB keep) (S (VP (VBG looking) (ADVP (IN at) (RB well)) (SBAR (WHADVP (WRB where)) (S (VP (POS 's) (NP (NP (DT the) (NN tax)) (, ,) (NP (JJ so-called) (NN tax)) (, ,) (INTJ (UH uh)) (, ,) (NP (NN relief)))))))))))))",TAXES,TALK ABOUT WHETHER AMERICANSY
sw09utt/sw_0925_4681.utt,4/sw4681,4681,64,aa,Backwards-Communicative-Function:Agreement:Accept,,,B,32,2,I know.,(ROOT (S (LS i) (VP (VB know)) (. .))),TAXES,TALK ABOUT WHETHER AMERICANSY
sw09utt/sw_0925_4681.utt,4/sw4681,4681,67,sd,Forward-Communicative-Function:Statement:Statement-non-opinion,,,A,33,3,"I mean, I think I paid just as much as when","(ROOT (S (VP (FW i) (VP (VB mean)) (, ,) (VP (FW i) (VP (VBP think) (NP (FW i) (VP (VBN paid) (NP (NP (RB just) (RB as) (JJ much)) (PP (IN as) (WHADVP (WRB when)))))))))))",TAXES,TALK ABOUT WHETHER AMERICANSY
sw09utt/sw_0925_4681.utt,4/sw4681,4681,69,sd,Forward-Communicative-Function:Statement:Statement-non-opinion,,,B,34,2,I mean I don't even,(ROOT (S (VP (FW i) (VP (VB mean) (S (VP (FW i) (VP (VBP do) (RB n't) (ADVP (RB even))))))))),TAXES,TALK ABOUT WHETHER AMERICANSY
sw09utt/sw_0925_4681.utt,4/sw4681,4681,71,%,Communicative-Status:Uninterpretable,,,A,35,2,so.,(ROOT (ADVP (RB so) (. .))),TAXES,TALK ABOUT WHETHER AMERICANSY
sw09utt/sw_0925_4681.utt,4/sw4681,4681,72,+,Other:Segment-(multi-utterance),,,B,36,1,"You know, I don't even get to see half my paycheck.","(ROOT (S (S (S (NP (PRP you)) (VP (VBP know))) (, ,) (FW i) (VP (VBP do) (RB n't) (ADVP (RB even)) (VP (VB get) (S (VP (TO to) (VP (VB see) (NP (JJ half) (PRP$ my) (NN paycheck)))))))) (. .)))",TAXES,TALK ABOUT WHETHER AMERICANSY
sw09utt/sw_0925_4681.utt,4/sw4681,4681,73,b,Backwards-Communicative-Function:Understanding:Acknowledge,,,A,37,1,Uh-huh.,(ROOT (ADVP (RB uh-huh) (. .))),TAXES,TALK ABOUT WHETHER AMERICANSY
sw09utt/sw_0925_4681.utt,4/sw4681,4681,74,sd,Forward-Communicative-Function:Statement:Statement-non-opinion,,,B,38,1,"Between Four Oh One K and, and the thirty-four percent they're taking out for taxes.","(ROOT (FRAG (QP (IN between) (CD four) (UH oh) (CD one) (NN k) (CC and) (, ,) (CC and) (NP (NP (DT the) (CD thirty-four) (NN percent)) (SBAR (S (NP (PRP they)) (VP (VBP 're) (VP (VBG taking) (PRT (RP out)) (PP (IN for) (NP (NNS taxes))))))))) (. .)))",TAXES,TALK ABOUT WHETHER AMERICANSY
sw09utt/sw_0925_4681.utt,4/sw4681,4681,76,aa,Backwards-Communicative-Function:Agreement:Accept,,,A,39,2,Exactly.,(ROOT (ADVP (RB exactly) (. .))),TAXES,TALK ABOUT WHETHER AMERICANSY
sw09utt/sw_0925_4681.utt,4/sw4681,4681,77,sd,Forward-Communicative-Function:Statement:Statement-non-opinion,,,B,40,1,Let alone what I end up having to pay.,(ROOT (FRAG (SBAR (ADVP (VB let) (RB alone)) (WHNP (WP what)) (S (VP (FW i) (S (VP (VB end) (PRT (RP up)) (S (VP (VBG having) (S (VP (TO to) (VP (VB pay))))))))))) (. .))),TAXES,TALK ABOUT WHETHER AMERICANSY
sw09utt/sw_0925_4681.utt,4/sw4681,4681,82,sv,Forward-Communicative-Function:Statement:Statement-opinion,,,A,41,5,Now they have gotten this wonderful idea of not taking out as much taxes,(ROOT (S (ADVP (RB now)) (NP (PRP they)) (VP (VBP have) (VP (VBN gotten) (NP (NP (DT this) (JJ wonderful) (NN idea)) (PP (IN of) (S (RB not) (VP (VBG taking) (PRT (RP out)) (NP (RB as) (JJ much) (NNS taxes)))))))))),TAXES,TALK ABOUT WHETHER AMERICANSY
sw09utt/sw_0925_4681.utt,4/sw4681,4681,84,sv,Forward-Communicative-Function:Statement:Statement-opinion,,,A,43,1,but you're still going to owe the government as much money,(ROOT (FRAG (CC but) (S (NP (PRP you)) (VP (VBP 're) (ADVP (RB still)) (VP (VBG going) (S (VP (TO to) (VP (VB owe) (NP (DT the) (NN government)) (NP (ADJP (RB as) (JJ much)) (NN money)))))))))),TAXES,TALK ABOUT WHETHER AMERICANSY
sw09utt/sw_0925_4681.utt,4/sw4681,4681,85,b,Backwards-Communicative-Function:Understanding:Acknowledge,,,B,44,1,Sure.,(ROOT (ADVP (RB sure) (. .))),TAXES,TALK ABOUT WHETHER AMERICANSY
sw09utt/sw_0925_4681.utt,4/sw4681,4681,87,sv,Forward-Communicative-Function:Statement:Statement-opinion,,,A,45,2,"and it certainly isn't going to be in their savings, uh, account.","(ROOT (S (CC and) (S (NP (PRP it)) (ADVP (RB certainly)) (VP (VBZ is) (RB n't) (VP (VBG going) (S (VP (TO to) (VP (VB be) (PP (IN in) (NP (PRP$ their) (NNS savings))) (, ,) (INTJ (UH uh)) (, ,) (ADVP (NN account)))))))) (. .)))",TAXES,TALK ABOUT WHETHER AMERICANSY
sw09utt/sw_0925_4681.utt,4/sw4681,4681,89,sv,Forward-Communicative-Function:Statement:Statement-opinion,,,B,46,2,they won't be able to pay.,(ROOT (S (NP (PRP they)) (VP (MD wo) (RB n't) (VP (VB be) (ADJP (JJ able) (S (VP (TO to) (VP (VB pay))))))) (. .))),TAXES,TALK ABOUT WHETHER AMERICANSY
sw09utt/sw_0925_4681.utt,4/sw4681,4681,93,sv,Forward-Communicative-Function:Statement:Statement-opinion,,,A,47,4,the month after Christmas is supposed to be high spending because everything is on sale.,(ROOT (FRAG (NP (DT the) (NN month)) (SBAR (IN after) (S (NP (NNS christmas)) (VP (VBZ is) (VP (VBN supposed) (S (VP (TO to) (VP (VB be) (NP (JJ high) (NN spending)) (SBAR (IN because) (S (NP (NN everything)) (VP (VBZ is) (PP (IN on) (NP (NN sale))))))))))))) (. .))),TAXES,TALK ABOUT WHETHER AMERICANSY
sw09utt/sw_0925_4681.utt,4/sw4681,4681,95,sv,Forward-Communicative-Function:Statement:Statement-opinion,,,A,49,1,Nobody's going to have the money to spend.,(ROOT (S (NP (NN nobody) (POS 's)) (VP (VBG going) (S (VP (TO to) (VP (VB have) (NP (NP (DT the) (NN money)) (SBAR (S (VP (TO to) (VP (VB spend)))))))))) (. .))),TAXES,TALK ABOUT WHETHER AMERICANSY
sw09utt/sw_0925_4681.utt,4/sw4681,4681,97,aa,Backwards-Communicative-Function:Agreement:Accept,,,B,50,2,none.,(ROOT (NP (NN none) (. .))),TAXES,TALK ABOUT WHETHER AMERICANSY
sw09utt/sw_0925_4681.utt,4/sw4681,4681,101,%,Communicative-Status:Uninterpretable,,,A,51,4,and,(ROOT (CC and)),TAXES,TALK ABOUT WHETHER AMERICANSY
sw09utt/sw_0925_4681.utt,4/sw4681,4681,105,sd,Forward-Communicative-Function:Statement:Statement-non-opinion,,,B,52,4,"I mean, it","(ROOT (FRAG (NP (FW i) (VP (VB mean))) (, ,) (NP (PRP it))))",TAXES,TALK ABOUT WHETHER AMERICANSY
sw09utt/sw_0925_4681.utt,4/sw4681,4681,107,b^r,Backwards-Communicative-Function:Understanding:Acknowledge,,,A,53,2,Yeah.,(ROOT (NP (NN yeah) (. .))),TAXES,TALK ABOUT WHETHER AMERICANSY
sw09utt/sw_0925_4681.utt,4/sw4681,4681,109,sd,Forward-Communicative-Function:Statement:Statement-non-opinion,,,B,54,2,It doesn't take care of my needs.,(ROOT (S (NP (PRP it)) (VP (VBZ does) (RB n't) (VP (VB take) (NP (NN care)) (PP (IN of) (NP (PRP$ my) (NNS needs))))) (. .))),TAXES,TALK ABOUT WHETHER AMERICANSY
sw09utt/sw_0925_4681.utt,4/sw4681,4681,114,sv,Forward-Communicative-Function:Statement:Statement-opinion,,,A,55,5,"Now, we go through another election and listen to all these lies about the","(ROOT (S (ADVP (RB now)) (, ,) (NP (PRP we)) (VP (VP (VBP go) (PP (IN through) (NP (DT another) (NN election)))) (CC and) (VP (VB listen) (PP (TO to) (NP (NP (PDT all) (DT these) (NNS lies)) (PP (IN about) (NP (DT the)))))))))",TAXES,TALK ABOUT WHETHER AMERICANSY
sw09utt/sw_0925_4681.utt,4/sw4681,4681,115,sv,Forward-Communicative-Function:Statement:Statement-opinion,,,B,56,1,"an-, and people don't care anymore either.","(ROOT (S (DT an) (ADJP (: -)) (, ,) (CC and) (NP (NNS people)) (VP (VBP do) (RB n't) (VP (VB care) (ADVP (RB anymore)) (ADVP (RB either)))) (. .)))",TAXES,TALK ABOUT WHETHER AMERICANSY
sw09utt/sw_0925_4681.utt,4/sw4681,4681,117,aa^r,Backwards-Communicative-Function:Agreement:Accept,,,A,57,2,No.,(ROOT (INTJ (DT no) (. .))),TAXES,TALK ABOUT WHETHER AMERICANSY
sw09utt/sw_0925_4681.utt,4/sw4681,4681,118,sv,Forward-Communicative-Function:Statement:Statement-opinion,,,B,58,1,People don't want to go out to vote.,(ROOT (S (NP (NNS people)) (VP (VBP do) (RB n't) (VP (VB want) (S (VP (TO to) (VP (VB go) (ADVP (RP out) (S (VP (TO to) (VP (VB vote)))))))))) (. .))),TAXES,TALK ABOUT WHETHER AMERICANSY
sw09utt/sw_0925_4681.utt,4/sw4681,4681,121,sv,Forward-Communicative-Function:Statement:Statement-opinion,,,A,59,3,It's candidates that have money,(ROOT (S (NP (PRP it)) (VP (VBZ 's) (NP (NP (NNS candidates)) (SBAR (WHNP (WDT that)) (S (VP (VBP have) (NP (NN money))))))))),TAXES,TALK ABOUT WHETHER AMERICANSY
sw09utt/sw_0925_4681.utt,4/sw4681,4681,122,aa,Backwards-Communicative-Function:Agreement:Accept,,,B,60,1,Yep.,(ROOT (NP (NN yep) (. .))),TAXES,TALK ABOUT WHETHER AMERICANSY
sw09utt/sw_0925_4681.utt,4/sw4681,4681,125,sv,Forward-Communicative-Function:Statement:Statement-opinion,,,A,61,3,"and, uh, you know, you're not going to get anymore Abe Lincolns","(ROOT (S (CC and) (, ,) (INTJ (UH uh)) (PRN (, ,) (S (NP (PRP you)) (VP (VBP know))) (, ,)) (NP (PRP you)) (VP (VP (VBP 're) (RB not) (VP (VBG going) (S (VP (TO to) (VP (VB get) (ADVP (RB anymore)) (ADVP (RB abe))))))) (NP (NNS lincolns)))))",TAXES,TALK ABOUT WHETHER AMERICANSY
sw09utt/sw_0925_4681.utt,4/sw4681,4681,127,sv,Forward-Communicative-Function:Statement:Statement-opinion,,,B,62,2,but,(ROOT (CC but)),TAXES,TALK ABOUT WHETHER AMERICANSY
sw09utt/sw_0925_4681.utt,4/sw4681,4681,128,+,Other:Segment-(multi-utterance),,,A,63,1,around.,(ROOT (ADVP (RB around) (. .))),TAXES,TALK ABOUT WHETHER AMERICANSY
sw09utt/sw_0925_4681.utt,4/sw4681,4681,129,+,Other:Segment-(multi-utterance),,,B,64,1,"but that, that's going to backfire because","(ROOT (PP (CC but) (NP (NP (DT that)) (, ,) (SBAR (S (NP (DT that)) (VP (VBZ 's) (VP (VBG going) (S (VP (TO to) (VP (VB backfire)))) (X (IN because)))))))))",TAXES,TALK ABOUT WHETHER AMERICANSY
sw09utt/sw_0925_4681.utt,4/sw4681,4681,132,%,Communicative-Status:Uninterpretable,,,A,65,3,yeah.,(ROOT (NP (NN yeah) (. .))),TAXES,TALK ABOUT WHETHER AMERICANSY
sw09utt/sw_0925_4681.utt,4/sw4681,4681,134,%,Communicative-Status:Uninterpretable,,,B,66,2,so.,(ROOT (ADVP (RB so) (. .))),TAXES,TALK ABOUT WHETHER AMERICANSY
sw09utt/sw_0925_4681.utt,4/sw4681,4681,136,sv,Forward-Communicative-Function:Statement:Statement-opinion,,,A,67,2,"Just like the communist government of, uh, the old U S S R.","(ROOT (S (PP (RB just) (IN like) (NP (NP (DT the) (JJ communist) (NN government)) (PP (IN of)))) (, ,) (INTJ (UH uh)) (, ,) (NP (DT the) (JJ old) (NN u) (NNS s)) (VP (VBZ s) (ADVP (IN r.)))))",TAXES,TALK ABOUT WHETHER AMERICANSY
sw09utt/sw_0925_4681.utt,4/sw4681,4681,137,b,Backwards-Communicative-Function:Understanding:Acknowledge,,,B,68,1,Yeah.,(ROOT (NP (NN yeah) (. .))),TAXES,TALK ABOUT WHETHER AMERICANSY
sw09utt/sw_0925_4681.utt,4/sw4681,4681,139,^q,none,,,A,69,2,we're fed up.,(ROOT (S (NP (PRP we)) (VP (VBP 're) (VP (VBN fed) (PRT (RP up)))) (. .))),TAXES,TALK ABOUT WHETHER AMERICANSY
sw09utt/sw_0925_4681.utt,4/sw4681,4681,141,am,Backwards-Communicative-Function:Agreement:Maybe,,,B,70,2,I wonder though.,(ROOT (FRAG (LST (LS i)) (NP (NN wonder)) (ADVP (IN though)) (. .))),TAXES,TALK ABOUT WHETHER AMERICANSY
sw09utt/sw_0925_4681.utt,4/sw4681,4681,142,sv,Forward-Communicative-Function:Statement:Statement-opinion,,,A,71,1,Maybe it'll have to be just individual state tax.,(ROOT (S (ADVP (RB maybe)) (NP (PRP it)) (VP (MD 'll) (VP (VB have) (S (VP (TO to) (VP (VB be) (NP (RB just) (JJ individual) (NN state) (NN tax))))))) (. .))),TAXES,TALK ABOUT WHETHER AMERICANSY
sw09utt/sw_0925_4681.utt,4/sw4681,4681,148,%,Communicative-Status:Uninterpretable,,,A,73,5,but,(ROOT (CC but)),TAXES,TALK ABOUT WHETHER AMERICANSY
sw09utt/sw_0925_4681.utt,4/sw4681,4681,154,sd,Forward-Communicative-Function:Statement:Statement-non-opinion,,,B,74,6,I mean,(ROOT (S (VP (FW i) (VP (VB mean))))),TAXES,TALK ABOUT WHETHER AMERICANSY
sw09utt/sw_0925_4681.utt,4/sw4681,4681,156,aa,Backwards-Communicative-Function:Agreement:Accept,,,A,75,2,yeah.,(ROOT (NP (NN yeah) (. .))),TAXES,TALK ABOUT WHETHER AMERICANSY
sw09utt/sw_0925_4681.utt,4/sw4681,4681,157,+,Other:Segment-(multi-utterance),,,B,76,1,I'm certainly fed up with it.,(ROOT (S (VP (LS i) (S (VP (VBP 'm) (ADVP (RB certainly)) (VP (VBN fed) (PRT (RP up)) (PP (IN with) (NP (PRP it))))))) (. .))),TAXES,TALK ABOUT WHETHER AMERICANSY
sw09utt/sw_0925_4681.utt,4/sw4681,4681,160,sd,Forward-Communicative-Function:Statement:Statement-non-opinion,,,A,77,3,"in fact, I'm not sending in my check","(ROOT (S (PP (IN in) (NP (NN fact))) (, ,) (FW i) (VP (VBP 'm) (RB not) (VP (VBG sending) (PP (IN in) (NP (PRP$ my) (NN check)))))))",TAXES,TALK ABOUT WHETHER AMERICANSY
