swda_filename,ptb_basename,conversation_no,transcript_index,act_tag,act_label_1,act_label_2,act_label_relation,caller,utterance_index,subutterance_index,clean_text,parse_tree,topic_description,prompt
sw02utt/sw_0252_4071.utt,4/sw4071,4071,1,qo,Info-request:Open-Question,,,A,1,2,"Uh, what's your feeling about that ?","(ROOT (X (SBARQ (INTJ (UH uh)) (, ,) (WHNP (WP what)) (SQ (VP (VBZ 's) (NP (PRP$ your) (NN feeling)) (PP (IN about) (NP (DT that)))))) (. ?)))",TAXES,TALK ABOUT WHETHER AMERICANSY
sw02utt/sw_0252_4071.utt,4/sw4071,4071,3,sv,Forward-Communicative-Function:Statement:Statement-opinion,,,B,2,2,I think taxes are high.,(ROOT (S (VP (LS i) (S (VP (VB think) (SBAR (S (NP (NNS taxes)) (VP (VBP are) (ADJP (JJ high)))))))) (. .))),TAXES,TALK ABOUT WHETHER AMERICANSY
sw02utt/sw_0252_4071.utt,4/sw4071,4071,5,qy,Info-request:Yes-No-Question,,,A,3,2,"uh, where you live do you have a state income tax and a sales tax both ?","(ROOT (S (S (INTJ (UH uh)) (, ,) (SBAR (WHADVP (WRB where)) (S (NP (PRP you)) (VP (VBP live) (VP (VB do) (NP (PRP you)))))) (VP (VBP have) (NP (NP (NP (DT a) (NN state) (NN income) (NN tax)) (CC and) (NP (DT a) (NNS sales) (NN tax))) (NP (CC both))))) (. ?)))",TAXES,TALK ABOUT WHETHER AMERICANSY
sw02utt/sw_0252_4071.utt,4/sw4071,4071,7,b,Backwards-Communicative-Function:Understanding:Acknowledge,,,B,4,2,Uh-huh.,(ROOT (ADVP (RB uh-huh) (. .))),TAXES,TALK ABOUT WHETHER AMERICANSY
sw02utt/sw_0252_4071.utt,4/sw4071,4071,10,sd,Forward-Communicative-Function:Statement:Statement-non-opinion,,,A,5,3,No income tax and no sales tax.,(ROOT (NP (NP (NP (DT no) (NN income) (NN tax)) (CC and) (NP (DT no) (NNS sales) (NN tax))) (. .))),TAXES,TALK ABOUT WHETHER AMERICANSY
sw02utt/sw_0252_4071.utt,4/sw4071,4071,11,b,Backwards-Communicative-Function:Understanding:Acknowledge,,,B,6,1,Huh.,(ROOT (ADVP (RB huh) (. .))),TAXES,TALK ABOUT WHETHER AMERICANSY
sw02utt/sw_0252_4071.utt,4/sw4071,4071,14,sd,Forward-Communicative-Function:Statement:Statement-non-opinion,,,A,7,3,"and we have what we call the five B s. Uh, th-, for our taxes. Booze, uh, butts, cigarettes, beds, uh, hotel room tax","(ROOT (S (CC and) (NP (PRP we)) (VP (VBP have) (FRAG (WHNP (WP what)) (NP (PRP we)) (VBP call) (NP (DT the) (CD five) (NN b) (NN s.)) (INTJ (UH uh)) (, ,) (INTJ (DT th) (: -)) (, ,) (PP (IN for) (NP (PRP$ our) (NNS taxes))) (. .)))))",TAXES,TALK ABOUT WHETHER AMERICANSY
sw02utt/sw_0252_4071.utt,4/sw4071,4071,15,b,Backwards-Communicative-Function:Understanding:Acknowledge,,,B,8,1,Uh-huh.,(ROOT (ADVP (RB uh-huh) (. .))),TAXES,TALK ABOUT WHETHER AMERICANSY
sw02utt/sw_0252_4071.utt,4/sw4071,4071,16,+,Other:Segment-(multi-utterance),,,A,9,1,"bellies, a meal tax and bets, gambling.","(ROOT (NP (NP (NNS bellies)) (, ,) (NP (DT a) (NN meal) (NN tax) (CC and) (NNS bets)) (, ,) (NP (NN gambling)) (. .)))",TAXES,TALK ABOUT WHETHER AMERICANSY
sw02utt/sw_0252_4071.utt,4/sw4071,4071,17,b,Backwards-Communicative-Function:Understanding:Acknowledge,,,B,10,1,Oh.,(ROOT (INTJ (UH oh) (. .))),TAXES,TALK ABOUT WHETHER AMERICANSY
sw02utt/sw_0252_4071.utt,4/sw4071,4071,20,%,Communicative-Status:Uninterpretable,,,A,11,3,and MUMBLEx.,(ROOT (FRAG (CC and) (NP (NN mumblex)) (. .))),TAXES,TALK ABOUT WHETHER AMERICANSY
sw02utt/sw_0252_4071.utt,4/sw4071,4071,26,sd,Forward-Communicative-Function:Statement:Statement-non-opinion,,,B,12,6,I'm still a student,(ROOT (S (LS i) (VP (VBP 'm) (ADVP (RB still)) (NP (DT a) (NN student))))),TAXES,TALK ABOUT WHETHER AMERICANSY
sw02utt/sw_0252_4071.utt,4/sw4071,4071,27,b,Backwards-Communicative-Function:Understanding:Acknowledge,,,A,13,1,Uh-huh.,(ROOT (ADVP (RB uh-huh) (. .))),TAXES,TALK ABOUT WHETHER AMERICANSY
sw02utt/sw_0252_4071.utt,4/sw4071,4071,30,%,Communicative-Status:Uninterpretable,,,B,14,3,so,(ROOT (ADVP (RB so))),TAXES,TALK ABOUT WHETHER AMERICANSY
sw02utt/sw_0252_4071.utt,4/sw4071,4071,31,ba,Backwards-Communicative-Function:Understanding:Appreciation,,,A,15,1,Well that's nice.,(ROOT (S (ADVP (RB well)) (NP (DT that)) (VP (VBZ 's) (ADJP (JJ nice))) (. .))),TAXES,TALK ABOUT WHETHER AMERICANSY
sw02utt/sw_0252_4071.utt,4/sw4071,4071,33,%,Communicative-Status:Uninterpretable,,,B,16,2,but,(ROOT (CC but)),TAXES,TALK ABOUT WHETHER AMERICANSY
sw02utt/sw_0252_4071.utt,4/sw4071,4071,34,sv,Forward-Communicative-Function:Statement:Statement-opinion,,,A,17,1,"Nice, nice to get a refund.","(ROOT (NP (NP (JJ nice) (, ,) (ADJP (JJ nice) (S (VP (TO to) (VP (VB get) (NP (DT a) (NN refund))))))) (. .)))",TAXES,TALK ABOUT WHETHER AMERICANSY
sw02utt/sw_0252_4071.utt,4/sw4071,4071,38,%,Communicative-Status:Uninterpretable,,,B,18,4,So.,(ROOT (ADVP (RB so) (. .))),TAXES,TALK ABOUT WHETHER AMERICANSY
sw02utt/sw_0252_4071.utt,4/sw4071,4071,40,qy,Info-request:Yes-No-Question,,,A,19,2,"Do you think that, uh, for whatever taxes we do pay that, uh, we are getting value for it ?","(ROOT (SQ (VB do) (NP (PRP you)) (VP (VB think) (SBAR (IN that) (, ,) (S (INTJ (UH uh)) (, ,) (SBAR (IN for) (S (SBAR (WHNP (WDT whatever) (NNS taxes)) (S (NP (PRP we)) (VP (VBP do) (VP (VB pay) (NP (DT that)))))) (, ,) (INTJ (UH uh)) (, ,) (NP (PRP we)) (VP (VBP are) (VP (VBG getting) (NP (NN value)) (PP (IN for) (NP (PRP it)))))))))) (. ?)))",TAXES,TALK ABOUT WHETHER AMERICANSY
sw02utt/sw_0252_4071.utt,4/sw4071,4071,41,nn,Backwards-Communicative-Function:Answer:No answers,,,B,20,1,No.,(ROOT (INTJ (DT no) (. .))),TAXES,TALK ABOUT WHETHER AMERICANSY
sw02utt/sw_0252_4071.utt,4/sw4071,4071,45,sv,Forward-Communicative-Function:Statement:Statement-opinion,,,A,21,4,"it's like giving yourself a tra-, it's like one arm giving the other a transfusion.","(ROOT (S (S (NP (PRP it)) (VP (VP (VBZ 's) (ADJP (JJ like)) (S (VP (VBG giving) (NP (PRP yourself)) (NP (DT a) (NN tra))))) (FRAG (ADJP (: -))))) (, ,) (S (NP (PRP it)) (VP (VBZ 's) (PP (IN like) (S (NP (CD one) (NN arm)) (VP (VBG giving) (NP (DT the) (JJ other)) (NP (DT a) (NN transfusion))))))) (. .)))",TAXES,TALK ABOUT WHETHER AMERICANSY
sw02utt/sw_0252_4071.utt,4/sw4071,4071,46,b,Backwards-Communicative-Function:Understanding:Acknowledge,,,B,22,1,Yeah.,(ROOT (NP (NN yeah) (. .))),TAXES,TALK ABOUT WHETHER AMERICANSY
sw02utt/sw_0252_4071.utt,4/sw4071,4071,47,bh,Backwards-Communicative-Function:Understanding:Backchannel-in-question-form,,,A,23,1,You know what I mean ?,(ROOT (S (NP (PRP you)) (VP (VBP know) (WHNP (WHNP (WP what) (FW i)) (VP (VB mean)))) (. ?))),TAXES,TALK ABOUT WHETHER AMERICANSY
sw02utt/sw_0252_4071.utt,4/sw4071,4071,48,ny,Info-request:Yes answers,,,B,24,1,Yeah.,(ROOT (NP (NN yeah) (. .))),TAXES,TALK ABOUT WHETHER AMERICANSY
sw02utt/sw_0252_4071.utt,4/sw4071,4071,50,sv,Forward-Communicative-Function:Statement:Statement-opinion,,,A,25,2,I should say one arm giving another arm a transfusion through a leaky tube because,(ROOT (S (LST (LS i)) (VP (MD should) (VP (VB say) (NP (NP (CD one) (NN arm)) (VP (VBG giving) (NP (DT another) (NN arm)) (NP (DT a) (NN transfusion)) (PP (IN through) (NP (DT a) (JJ leaky) (NN tube))))) (FRAG (PP (IN because))))))),TAXES,TALK ABOUT WHETHER AMERICANSY
sw02utt/sw_0252_4071.utt,4/sw4071,4071,52,ba,Backwards-Communicative-Function:Understanding:Appreciation,,,B,26,2,There you go.,(ROOT (S (ADVP (RB there)) (NP (PRP you)) (VP (VBP go)) (. .))),TAXES,TALK ABOUT WHETHER AMERICANSY
sw02utt/sw_0252_4071.utt,4/sw4071,4071,55,sv,Forward-Communicative-Function:Statement:Statement-opinion,,,A,27,3,"and when you send it to Washington or send it to your state capitol, uh, a lot of it stays there and not that much comes back to you.","(ROOT (S (CC and) (SBAR (WHADVP (WRB when)) (S (NP (PRP you)) (VP (VP (VBP send) (NP (PRP it)) (PP (TO to) (NP (NN washington)))) (CC or) (VP (VB send) (NP (PRP it)) (PP (TO to) (NP (PRP$ your) (NN state) (NNP capitol))))))) (, ,) (INTJ (UH uh)) (, ,) (NP (NP (DT a) (NN lot)) (PP (IN of) (NP (PRP it)))) (VP (VBZ stays) (SBAR (S (NP (NP (EX there)) (CC and) (ADVP (RB not) (DT that) (JJ much))) (VP (VBZ comes) (ADVP (RB back) (PP (TO to) (NP (PRP you)))))))) (. .)))",TAXES,TALK ABOUT WHETHER AMERICANSY
sw02utt/sw_0252_4071.utt,4/sw4071,4071,57,b,Backwards-Communicative-Function:Understanding:Acknowledge,,,B,28,2,yeah.,(ROOT (NP (NN yeah) (. .))),TAXES,TALK ABOUT WHETHER AMERICANSY
sw02utt/sw_0252_4071.utt,4/sw4071.pos,4071,58,x,Communicative-Status:Non-verbal,,,A,29,1,.,(ROOT (. .)),TAXES,TALK ABOUT WHETHER AMERICANSY
sw02utt/sw_0252_4071.utt,4/sw4071,4071,63,sv,Forward-Communicative-Function:Statement:Statement-opinion,,,B,30,5,"and now that they are voting and people, you know, getting into MUMBLEx drug and that stuff.","(ROOT (S (CC and) (S (ADVP (RB now) (SBAR (IN that) (S (NP (PRP they)) (VP (VBP are) (VP (VP (VBG voting)) (CC and) (NP (NNS people))))))) (, ,) (NP (PRP you)) (VP (VBP know))) (, ,) (SBAR (S (VP (VBG getting) (PP (IN into) (NP (JJ mumblex) (NN drug))))) (CC and) (NP (IN that) (NN stuff))) (. .)))",TAXES,TALK ABOUT WHETHER AMERICANSY
sw02utt/sw_0252_4071.utt,4/sw4071,4071,64,b,Backwards-Communicative-Function:Understanding:Acknowledge,,,A,31,1,Uh-huh.,(ROOT (ADVP (RB uh-huh) (. .))),TAXES,TALK ABOUT WHETHER AMERICANSY
sw02utt/sw_0252_4071.utt,4/sw4071,4071,71,sd,Forward-Communicative-Function:Statement:Statement-non-opinion,,,B,32,7,"I'm not really into politics, uh","(ROOT (FRAG (LS i) (VP (VBP 'm) (RB not) (FRAG (ADVP (RB really)) (PP (IN into) (NP (NNS politics))) (, ,) (INTJ (UH uh))))))",TAXES,TALK ABOUT WHETHER AMERICANSY
sw02utt/sw_0252_4071.utt,4/sw4071,4071,72,%,Communicative-Status:Uninterpretable,,,A,33,1,That it,(ROOT (S (VP (IN that) (NP (PRP it))))),TAXES,TALK ABOUT WHETHER AMERICANSY
sw02utt/sw_0252_4071.utt,4/sw4071,4071,73,sd,Forward-Communicative-Function:Statement:Statement-non-opinion,,,B,34,1,I don't really understand it,(ROOT (S (VP (LS i) (S (VP (VBP do) (RB n't) (ADVP (RB really)) (VP (VB understand) (NP (PRP it)))))))),TAXES,TALK ABOUT WHETHER AMERICANSY
sw02utt/sw_0252_4071.utt,4/sw4071,4071,74,b,Backwards-Communicative-Function:Understanding:Acknowledge,,,A,35,1,Uh-huh.,(ROOT (ADVP (RB uh-huh) (. .))),TAXES,TALK ABOUT WHETHER AMERICANSY
sw02utt/sw_0252_4071.utt,4/sw4071,4071,75,%,Communicative-Status:Uninterpretable,,,B,36,1,but it's just you know,(ROOT (S (CC but) (S (NP (PRP it)) (VP (VBZ 's) (SBAR (S (ADVP (RB just)) (NP (PRP you)) (VP (VBP know)))))))),TAXES,TALK ABOUT WHETHER AMERICANSY
sw02utt/sw_0252_4071.utt,4/sw4071,4071,77,sv,Forward-Communicative-Function:Statement:Statement-opinion,,,A,37,2,"Uh, it's almost like they will spend as much as the, they're allowed to collect. You know.","(ROOT (S (SBAR (INTJ (UH uh)) (S (, ,) (NP (PRP it)) (VP (VBZ 's) (SBAR (ADVP (RB almost)) (SBAR (IN like) (S (NP (PRP they)) (VP (MD will) (VP (VB spend) (NP (NP (RB as) (JJ much)) (PP (IN as) (NP (DT the)))))))))))) (, ,) (NP (PRP they)) (VP (VBP 're) (VP (VBN allowed) (S (VP (TO to) (VP (VB collect)))))) (. .)))",TAXES,TALK ABOUT WHETHER AMERICANSY
sw02utt/sw_0252_4071.utt,4/sw4071,4071,78,b,Backwards-Communicative-Function:Understanding:Acknowledge,,,B,38,1,Right.,(ROOT (ADVP (RB right) (. .))),TAXES,TALK ABOUT WHETHER AMERICANSY
sw02utt/sw_0252_4071.utt,4/sw4071,4071,83,sd,Forward-Communicative-Function:Statement:Statement-non-opinion,,,A,39,5,I mean you would take you total salary,(ROOT (S (VP (FW i) (VP (VB mean) (SBAR (S (NP (PRP you)) (VP (MD would) (VP (VB take) (NP (PRP you)) (NP (JJ total) (NN salary)))))))))),TAXES,TALK ABOUT WHETHER AMERICANSY
sw02utt/sw_0252_4071.utt,4/sw4071,4071,84,b,Backwards-Communicative-Function:Understanding:Acknowledge,,,B,40,1,Uh-huh.,(ROOT (ADVP (RB uh-huh) (. .))),TAXES,TALK ABOUT WHETHER AMERICANSY
sw02utt/sw_0252_4071.utt,4/sw4071,4071,87,sd,Forward-Communicative-Function:Statement:Statement-non-opinion,,,A,41,3,"and you would just pay a flat tax. No exemptions, no deductions or anything else after you know, after you figure up who's in your family.",(ROOT (S (CC and) (S (NP (PRP you)) (VP (MD would) (VP (ADVP (RB just)) (VB pay) (NP (DT a) (JJ flat) (NN tax))))) (. .))),TAXES,TALK ABOUT WHETHER AMERICANSY
sw02utt/sw_0252_4071.utt,4/sw4071,4071,89,b,Backwards-Communicative-Function:Understanding:Acknowledge,,,B,42,2,Huh.,(ROOT (ADVP (RB huh) (. .))),TAXES,TALK ABOUT WHETHER AMERICANSY
sw02utt/sw_0252_4071.utt,4/sw4071,4071,91,sv,Forward-Communicative-Function:Statement:Statement-opinion,,,A,43,2,and it would eliminate all these loop holes that the fat cats get away with.,(ROOT (FRAG (CC and) (S (NP (PRP it)) (VP (MD would) (VP (VB eliminate) (NP (NP (PDT all) (DT these) (NN loop) (NNS holes)) (SBAR (WHNP (IN that)) (S (NP (DT the) (JJ fat) (NNS cats)) (VP (VBP get) (ADVP (RB away) (PP (IN with)))))))))) (. .))),TAXES,TALK ABOUT WHETHER AMERICANSY
sw02utt/sw_0252_4071.utt,4/sw4071,4071,93,ba,Backwards-Communicative-Function:Understanding:Appreciation,,,B,44,2,The could be nice.,(ROOT (S (NP (DT the)) (VP (MD could) (VP (VB be) (ADJP (JJ nice)))) (. .))),TAXES,TALK ABOUT WHETHER AMERICANSY
sw02utt/sw_0252_4071.utt,4/sw4071,4071,94,b,Backwards-Communicative-Function:Understanding:Acknowledge,,,A,45,1,Yeah.,(ROOT (NP (NN yeah) (. .))),TAXES,TALK ABOUT WHETHER AMERICANSY
sw02utt/sw_0252_4071.utt,4/sw4071,4071,95,b,Backwards-Communicative-Function:Understanding:Acknowledge,,,B,46,1,Huh.,(ROOT (ADVP (RB huh) (. .))),TAXES,TALK ABOUT WHETHER AMERICANSY
sw02utt/sw_0252_4071.utt,4/sw4071,4071,100,sv,Forward-Communicative-Function:Statement:Statement-opinion,,,A,47,5,but I really think a flat tax would be a lot fairer for all Americans.,(ROOT (FRAG (FRAG (CC but) (SBAR (FW i) (S (ADVP (RB really)) (VP (VB think) (SBAR (S (NP (DT a) (JJ flat) (NN tax)) (VP (MD would) (VP (VB be) (ADVP (NP (DT a) (NN lot)) (JJR fairer)) (PP (IN for) (NP (DT all) (NNS americans))))))))))) (. .))),TAXES,TALK ABOUT WHETHER AMERICANSY
sw02utt/sw_0252_4071.utt,4/sw4071,4071,102,b,Backwards-Communicative-Function:Understanding:Acknowledge,,,B,48,2,yeah.,(ROOT (NP (NN yeah) (. .))),TAXES,TALK ABOUT WHETHER AMERICANSY
sw02utt/sw_0252_4071.utt,4/sw4071,4071,103,sd,Forward-Communicative-Function:Statement:Statement-non-opinion,,,A,49,1,I mean it doesn't seem right that somebody that makes twenty-five or thirty thousand dollars pays four or five thousand dollars in taxes while somebody that makes two hundred and fifty thousand dollars might pay nothing in taxes.,(ROOT (S (NP (FW i)) (VP (VB mean) (SBAR (S (NP (PRP it)) (VP (VBZ does) (RB n't) (VP (VB seem) (SBAR (RB right) (IN that) (S (NP (NP (NN somebody)) (SBAR (WHNP (WDT that)) (S (VP (VBZ makes) (NP (NP (CD twenty-five)) (CC or) (NP (QP (CD thirty) (CD thousand) (NNS dollars)))))))) (VP (VBZ pays) (NP (NP (QP (CD four) (CC or) (CD five) (CD thousand)) (NNS dollars)) (PP (IN in) (NP (NNS taxes)))) (SBAR (IN while) (S (NP (NP (NN somebody)) (SBAR (WHNP (WDT that)) (S (VP (VP (VBZ makes) (NP (CD two) (CD hundred))) (CC and) (S (NP (QP (CD fifty) (CD thousand)) (NNS dollars)) (VP (MD might) (VP (VB pay) (NP (NP (NN nothing)) (PP (IN in) (NP (NNS taxes))))))))))))))))))))) (. .))),TAXES,TALK ABOUT WHETHER AMERICANSY
sw02utt/sw_0252_4071.utt,4/sw4071,4071,105,b,Backwards-Communicative-Function:Understanding:Acknowledge,,,B,50,2,huh.,(ROOT (ADVP (RB huh) (. .))),TAXES,TALK ABOUT WHETHER AMERICANSY
sw02utt/sw_0252_4071.utt,4/sw4071,4071,106,sd,Forward-Communicative-Function:Statement:Statement-non-opinion,,,A,51,1,It doesn't seem fair to me.,(ROOT (S (NP (PRP it)) (VP (VBZ does) (RB n't) (VP (VB seem) (ADJP (JJ fair)) (PP (TO to) (NP (PRP me))))) (. .))),TAXES,TALK ABOUT WHETHER AMERICANSY
sw02utt/sw_0252_4071.utt,4/sw4071,4071,110,sv,Forward-Communicative-Function:Statement:Statement-opinion,,,B,52,4,that's for sure.,(ROOT (S (NP (DT that)) (VP (VBZ 's) (PP (IN for) (ADJP (JJ sure)))) (. .))),TAXES,TALK ABOUT WHETHER AMERICANSY
sw02utt/sw_0252_4071.utt,4/sw4071,4071,111,b,Backwards-Communicative-Function:Understanding:Acknowledge,,,A,53,1,Right.,(ROOT (ADVP (RB right) (. .))),TAXES,TALK ABOUT WHETHER AMERICANSY
sw02utt/sw_0252_4071.utt,4/sw4071,4071,113,aa,Backwards-Communicative-Function:Agreement:Accept,,,B,54,2,I will agree to that.,(ROOT (S (LST (LS i)) (VP (MD will) (VP (VB agree) (PP (TO to) (NP (DT that))))) (. .))),TAXES,TALK ABOUT WHETHER AMERICANSY
sw02utt/sw_0252_4071.utt,4/sw4071,4071,114,qy^g,Info-request:Yes-No-Question,,,A,55,1,"I think your taxes in Wisconsin are pretty high. I, I, if I am not mistaken, aren't they ? I",(ROOT (S (VP (LS i) (S (VP (VB think) (SBAR (S (NP (NP (PRP$ your) (NNS taxes)) (PP (IN in) (NP (NN wisconsin)))) (VP (VBP are) (ADJP (RB pretty) (JJ high)))))))) (. .))),TAXES,TALK ABOUT WHETHER AMERICANSY
sw02utt/sw_0252_4071.utt,4/sw4071,4071,115,%,Communicative-Status:Uninterpretable,,,B,56,1,Uh,(ROOT (INTJ (UH uh))),TAXES,TALK ABOUT WHETHER AMERICANSY
sw02utt/sw_0252_4071.utt,4/sw4071,4071,117,qy,Info-request:Yes-No-Question,,,A,57,2,"What is, do you know what your state income tax rate is ?","(ROOT (SBARQ (WHNP (WP what)) (SQ (VP (VBZ is) (, ,) (SQ (VBP do) (NP (PRP you)) (VP (VB know) (SBAR (WHNP (WP what)) (S (NP (PRP$ your) (NN state) (NN income) (NN tax) (NN rate)) (VP (VBZ is)))))))) (. ?)))",TAXES,TALK ABOUT WHETHER AMERICANSY
sw02utt/sw_0252_4071.utt,4/sw4071,4071,118,nn,Backwards-Communicative-Function:Answer:No answers,,,B,58,1,"Um, no","(ROOT (NP (NP (NN um)) (, ,) (NP (DT no))))",TAXES,TALK ABOUT WHETHER AMERICANSY
sw02utt/sw_0252_4071.utt,4/sw4071,4071,119,qy^d,Info-request:Yes-No-Question,,,A,59,1,Twenty percent ?,(ROOT (FRAG (NP (CD twenty) (NN percent)) (. ?))),TAXES,TALK ABOUT WHETHER AMERICANSY
sw02utt/sw_0252_4071.utt,4/sw4071,4071,122,sd,Forward-Communicative-Function:Statement:Statement-non-opinion,,,B,60,3,My dad does it all for me.,(ROOT (S (NP (PRP$ my) (NN dad)) (VP (VBZ does) (NP (NP (PRP it)) (NP (DT all))) (PP (IN for) (NP (PRP me)))) (. .))),TAXES,TALK ABOUT WHETHER AMERICANSY
sw02utt/sw_0252_4071.utt,4/sw4071,4071,123,bf,Backwards-Communicative-Function:Understanding:Summarize/reformulate,,,A,61,1,"Just, you just pay it, huh.","(ROOT (S (ADVP (RB just)) (, ,) (NP (PRP you)) (ADVP (RB just)) (VP (VBP pay) (NP (PRP it)) (, ,) (ADVP (RB huh))) (. .)))",TAXES,TALK ABOUT WHETHER AMERICANSY
sw02utt/sw_0252_4071.utt,4/sw4071,4071,124,%,Communicative-Status:Uninterpretable,,,B,62,1,I use,(ROOT (FRAG (LST (LS i)) (NP (NN use)))),TAXES,TALK ABOUT WHETHER AMERICANSY
sw02utt/sw_0252_4071.utt,4/sw4071,4071,127,sd,Forward-Communicative-Function:Statement:Statement-non-opinion,,,A,63,3,and she is attending college full time also,(ROOT (QP (CC and) (PRN (S (NP (PRP she)) (VP (VBZ is) (VP (VBG attending) (NP (NN college) (JJ full) (NN time)) (ADVP (RB also)))))))),TAXES,TALK ABOUT WHETHER AMERICANSY
sw02utt/sw_0252_4071.utt,4/sw4071,4071,128,b,Backwards-Communicative-Function:Understanding:Acknowledge,,,B,64,1,Uh-huh.,(ROOT (ADVP (RB uh-huh) (. .))),TAXES,TALK ABOUT WHETHER AMERICANSY
sw02utt/sw_0252_4071.utt,4/sw4071,4071,133,%,Communicative-Status:Uninterpretable,,,A,65,5,and,(ROOT (CC and)),TAXES,TALK ABOUT WHETHER AMERICANSY
