swda_filename,ptb_basename,conversation_no,transcript_index,act_tag,act_label_1,act_label_2,act_label_relation,caller,utterance_index,subutterance_index,clean_text,parse_tree,topic_description,prompt
sw11utt/sw_1103_2915.utt,2/sw2915,2915,0,sv,Forward-Communicative-Function:Statement:Statement-opinion,,,A,1,1,"Well, I think we pay too much in taxes.","(ROOT (S (VP (ADVP (RB well)) (, ,) (SBAR (FW i) (S (VP (VBP think) (SBAR (S (NP (PRP we)) (VP (VB pay) (NP (RB too) (JJ much)) (PP (IN in) (NP (NNS taxes)))))))))) (. .)))",TAXES,TALK ABOUT WHETHER AMERICANSY
sw11utt/sw_1103_2915.utt,2/sw2915,2915,1,b,Backwards-Communicative-Function:Understanding:Acknowledge,,,B,2,1,Yeah.,(ROOT (NP (NN yeah) (. .))),TAXES,TALK ABOUT WHETHER AMERICANSY
sw11utt/sw_1103_2915.utt,2/sw2915,2915,2,qo,Info-request:Open-Question,,,A,3,1,How about you ?,(ROOT (FRAG (WHADVP (WRB how) (RB about)) (NP (PRP you)) (. ?))),TAXES,TALK ABOUT WHETHER AMERICANSY
sw11utt/sw_1103_2915.utt,2/sw2915,2915,3,sv,Forward-Communicative-Function:Statement:Statement-opinion,,,B,4,1,"Well, I think they waste what we pay.","(ROOT (S (VP (ADVP (RB well)) (, ,) (SBAR (FW i) (S (VP (VBP think) (SBAR (S (NP (PRP they)) (VP (VB waste) (SBAR (WHNP (WP what)) (S (NP (PRP we)) (VP (VBP pay))))))))))) (. .)))",TAXES,TALK ABOUT WHETHER AMERICANSY
sw11utt/sw_1103_2915.utt,2/sw2915,2915,4,br,Backwards-Communicative-Function:Understanding:Signal-non-understanding,,,A,5,1,Excuse me ?,(ROOT (S (VP (VB excuse) (NP (PRP me))) (. ?))),TAXES,TALK ABOUT WHETHER AMERICANSY
sw11utt/sw_1103_2915.utt,2/sw2915,2915,5,sv,Forward-Communicative-Function:Statement:Statement-opinion,,,B,6,1,"I think they waste what, all the money that we pay.","(ROOT (FRAG (SBAR (LS i) (S (VP (VBP think) (SBAR (S (NP (PRP they)) (VP (VB waste) (SBAR (WHNP (WP what)) (, ,) (S (NP (NP (PDT all) (DT the) (NN money)) (SBAR (WHNP (IN that)) (S (NP (PRP we)) (VP (VBP pay))))))))))))) (. .)))",TAXES,TALK ABOUT WHETHER AMERICANSY
sw11utt/sw_1103_2915.utt,2/sw2915,2915,11,sd,Forward-Communicative-Function:Statement:Statement-non-opinion,,,A,7,6,"and that particular state had an occupational income tax, but no sales tax.","(ROOT (FRAG (CC and) (SBAR (SBAR (IN that) (S (NP (JJ particular) (NN state)) (VP (VBD had) (NP (DT an) (JJ occupational) (NN income) (NN tax))))) (, ,) (CC but) (NP (DT no) (NNS sales) (NN tax))) (. .)))",TAXES,TALK ABOUT WHETHER AMERICANSY
sw11utt/sw_1103_2915.utt,2/sw2915,2915,12,b,Backwards-Communicative-Function:Understanding:Acknowledge,,,B,8,1,Uh-huh.,(ROOT (ADVP (RB uh-huh) (. .))),TAXES,TALK ABOUT WHETHER AMERICANSY
sw11utt/sw_1103_2915.utt,2/sw2915,2915,15,sd,Forward-Communicative-Function:Statement:Statement-non-opinion,,,A,9,3,but it's a heavy sales tax.,(ROOT (S (CC but) (S (NP (PRP it)) (VP (VBZ 's) (NP (DT a) (JJ heavy) (NNS sales) (NN tax)))) (. .))),TAXES,TALK ABOUT WHETHER AMERICANSY
sw11utt/sw_1103_2915.utt,2/sw2915,2915,16,b,Backwards-Communicative-Function:Understanding:Acknowledge,,,B,10,1,Uh-huh.,(ROOT (ADVP (RB uh-huh) (. .))),TAXES,TALK ABOUT WHETHER AMERICANSY
sw11utt/sw_1103_2915.utt,2/sw2915,2915,17,sv,Forward-Communicative-Function:Statement:Statement-opinion,,,A,11,1,So they get you coming and going.,(ROOT (FRAG (SBAR (IN so) (S (NP (PRP they)) (VP (VBP get) (S (S (NP (PRP you)) (VP (VBG coming))) (CC and) (S (VP (VBG going))))))) (. .))),TAXES,TALK ABOUT WHETHER AMERICANSY
sw11utt/sw_1103_2915.utt,2/sw2915,2915,20,qy*,Info-request:Yes-No-Question,,,B,12,3,Was it.,(ROOT (S (VP (VBD was) (NP (PRP it))) (. .))),TAXES,TALK ABOUT WHETHER AMERICANSY
sw11utt/sw_1103_2915.utt,2/sw2915,2915,22,%,Communicative-Status:Uninterpretable,,,A,13,2,"it's really, I know, it's just, um.","(ROOT (S (S (NP (PRP it)) (VP (VBZ 's) (ADVP (RB really)) (, ,) (VP (FW i) (FRAG (ADJP (VB know)))))) (, ,) (S (NP (PRP it)) (VP (VBZ 's) (NP (ADVP (RB just)) (, ,) (NN um)))) (. .)))",TAXES,TALK ABOUT WHETHER AMERICANSY
sw11utt/sw_1103_2915.utt,2/sw2915,2915,23,qy^d,Info-request:Yes-No-Question,,,B,14,1,It's eight and a quarter I think.,(ROOT (S (NP (PRP it)) (VP (VBZ 's) (S (NP (CD eight) (CC and) (DT a) (NN quarter) (FW i)) (VP (VB think)))) (. .))),TAXES,TALK ABOUT WHETHER AMERICANSY
sw11utt/sw_1103_2915.utt,2/sw2915,2915,30,sd(^q),none,,,A,15,7,"I said, eight percent. What ?","(ROOT (S (S (LS i) (VP (VBD said))) (, ,) (NP (CD eight) (NN percent)) (. .)))",TAXES,TALK ABOUT WHETHER AMERICANSY
sw11utt/sw_1103_2915.utt,2/sw2915,2915,31,b,Backwards-Communicative-Function:Understanding:Acknowledge,,,B,16,1,Uh-huh.,(ROOT (ADVP (RB uh-huh) (. .))),TAXES,TALK ABOUT WHETHER AMERICANSY
sw11utt/sw_1103_2915.utt,2/sw2915,2915,35,sv,Forward-Communicative-Function:Statement:Statement-opinion,,,A,17,4,"but it just seems like, if you're strictly middle income, it seems like you get hit the worst.","(ROOT (S (CC but) (S (NP (PRP it)) (VP (ADVP (RB just)) (VBZ seems) (SBAR (IN like) (, ,) (SBAR (IN if) (S (NP (PRP you)) (VP (VBP 're) (NP (ADJP (RB strictly) (JJ middle)) (NN income)))))))) (, ,) (S (NP (PRP it)) (VP (VBZ seems) (PP (IN like) (NP (PRP you))) (VP (VBP get) (VP (VBN hit) (NP (DT the) (JJS worst)))))) (. .)))",TAXES,TALK ABOUT WHETHER AMERICANSY
sw11utt/sw_1103_2915.utt,2/sw2915,2915,36,b,Backwards-Communicative-Function:Understanding:Acknowledge,,,B,18,1,Yeah.,(ROOT (NP (NN yeah) (. .))),TAXES,TALK ABOUT WHETHER AMERICANSY
sw11utt/sw_1103_2915.utt,2/sw2915,2915,37,qy,Info-request:Yes-No-Question,,,A,19,1,Is that what you think ?,(ROOT (FRAG (VBZ is) (IN that) (SBAR (WHNP (WP what)) (S (NP (PRP you)) (VP (VB think)))) (. ?))),TAXES,TALK ABOUT WHETHER AMERICANSY
sw11utt/sw_1103_2915.utt,2/sw2915,2915,41,sd,Forward-Communicative-Function:Statement:Statement-non-opinion,,,B,20,4,and sometimes they have to pay even less taxes.,(ROOT (S (CC and) (ADVP (RB sometimes)) (NP (PRP they)) (VP (VBP have) (S (VP (TO to) (VP (VB pay) (NP (RB even) (RBR less) (NNS taxes)))))) (. .))),TAXES,TALK ABOUT WHETHER AMERICANSY
sw11utt/sw_1103_2915.utt,2/sw2915,2915,42,qy^g,Info-request:Yes-No-Question,,,A,21,1,"Doesn't seem quite fair, does it ?","(ROOT (SQ (S (VP (VBZ does) (RB n't) (VP (VB seem) (ADVP (RB quite) (JJ fair))))) (, ,) (VBZ does) (NP (PRP it)) (. ?)))",TAXES,TALK ABOUT WHETHER AMERICANSY
sw11utt/sw_1103_2915.utt,2/sw2915,2915,44,sd^e,Forward-Communicative-Function:Statement:Statement-non-opinion,,,B,22,2,it isn't.,(ROOT (S (NP (PRP it)) (VP (VBZ is) (RB n't)) (. .))),TAXES,TALK ABOUT WHETHER AMERICANSY
sw11utt/sw_1103_2915.utt,2/sw2915,2915,46,%,Communicative-Status:Uninterpretable,,,A,23,2,"and, I don't know, somehow get a, huh","(ROOT (S (CC and) (, ,) (FW i) (VP (VP (VBP do) (RB n't) (VP (VB know) (, ,) (ADVP (RB somehow)) (VP (VB get) (NP (DT a))))) (, ,) (VP (VBP huh)))))",TAXES,TALK ABOUT WHETHER AMERICANSY
sw11utt/sw_1103_2915.utt,2/sw2915,2915,47,br,Backwards-Communicative-Function:Understanding:Signal-non-understanding,,,B,24,1,What ?,(ROOT (FRAG (WHNP (WDT what)) (. ?))),TAXES,TALK ABOUT WHETHER AMERICANSY
sw11utt/sw_1103_2915.utt,2/sw2915,2915,48,qy^d,Info-request:Yes-No-Question,,,A,25,1,"Oh, I thought you were going to say something.","(ROOT (FRAG (ADJP (INTJ (UH oh)) (, ,) (FW i) (FRAG (VP (VBN thought) (SBAR (S (NP (PRP you)) (VP (VBD were) (VP (VBG going) (S (VP (TO to) (VP (VB say) (NP (NN something)))))))))))) (. .)))",TAXES,TALK ABOUT WHETHER AMERICANSY
sw11utt/sw_1103_2915.utt,2/sw2915,2915,49,nn,Backwards-Communicative-Function:Answer:No answers,,,B,26,1,Huh-uh.,(ROOT (ADVP (RB huh-uh) (. .))),TAXES,TALK ABOUT WHETHER AMERICANSY
sw11utt/sw_1103_2915.utt,2/sw2915,2915,52,sd,Forward-Communicative-Function:Statement:Statement-non-opinion,,,A,27,3,"that make, don't make that kind of money.","(ROOT (FRAG (SBAR (WDT that) (S (VP (VP (VBP make)) (, ,) (VP (VBP do) (RB n't) (VP (VB make) (NP (NP (DT that) (NN kind)) (PP (IN of) (NP (NN money))))))))) (. .)))",TAXES,TALK ABOUT WHETHER AMERICANSY
sw11utt/sw_1103_2915.utt,2/sw2915,2915,53,b,Backwards-Communicative-Function:Understanding:Acknowledge,,,B,28,1,Right.,(ROOT (ADVP (RB right) (. .))),TAXES,TALK ABOUT WHETHER AMERICANSY
sw11utt/sw_1103_2915.utt,2/sw2915,2915,54,h,Other:Hedge,,,A,29,1,I don't know.,(ROOT (FRAG (SBAR (LS i) (S (VP (VBP do) (RB n't) (VP (VB know))))) (. .))),TAXES,TALK ABOUT WHETHER AMERICANSY
sw11utt/sw_1103_2915.utt,2/sw2915,2915,57,sv,Forward-Communicative-Function:Statement:Statement-opinion,,,B,30,3,but they're making money,(ROOT (FRAG (CC but) (S (NP (PRP they)) (VP (VBP 're) (VP (VBG making) (NP (NN money))))))),TAXES,TALK ABOUT WHETHER AMERICANSY
sw11utt/sw_1103_2915.utt,2/sw2915,2915,58,b,Backwards-Communicative-Function:Understanding:Acknowledge,,,A,31,1,Uh-huh.,(ROOT (ADVP (RB uh-huh) (. .))),TAXES,TALK ABOUT WHETHER AMERICANSY
sw11utt/sw_1103_2915.utt,2/sw2915,2915,59,sv,Forward-Communicative-Function:Statement:Statement-opinion,,,B,32,1,then they should pay taxes then.,(ROOT (S (ADVP (RB then)) (NP (PRP they)) (VP (MD should) (VP (VB pay) (NP (NNS taxes)) (ADVP (RB then)))) (. .))),TAXES,TALK ABOUT WHETHER AMERICANSY
sw11utt/sw_1103_2915.utt,2/sw2915,2915,63,sd,Forward-Communicative-Function:Statement:Statement-non-opinion,,,A,33,4,"mean you look at like, uh, that country singer, uh, what's his name, Willie Nelson.","(ROOT (S (VP (VB mean) (SBAR (S (NP (PRP you)) (VP (VB look) (PP (IN at) (PP (IN like) (, ,) (INTJ (UH uh)) (, ,))) (NP (DT that) (NP (NN country) (NN singer)) (, ,) (UH uh) (, ,) (SBAR (WHNP (WP what)) (S (VP (VBZ 's) (NP (PRP$ his) (NN name))))) (, ,) (NP (NN willie) (NN nelson))))))) (. .)))",TAXES,TALK ABOUT WHETHER AMERICANSY
sw11utt/sw_1103_2915.utt,2/sw2915,2915,64,b,Backwards-Communicative-Function:Understanding:Acknowledge,,,B,34,1,Uh-huh.,(ROOT (ADVP (RB uh-huh) (. .))),TAXES,TALK ABOUT WHETHER AMERICANSY
sw11utt/sw_1103_2915.utt,2/sw2915,2915,67,^q*,Other:Transcription-errors,,,A,35,3,Why didn't he pay his taxes ? You know.,(ROOT (SBARQ (WHADVP (WRB why)) (SQ (VBD did) (RB n't) (NP (PRP he)) (VP (VB pay) (NP (PRP$ his) (NNS taxes)))) (. ?))),TAXES,TALK ABOUT WHETHER AMERICANSY
sw11utt/sw_1103_2915.utt,2/sw2915,2915,69,b,Backwards-Communicative-Function:Understanding:Acknowledge,,,B,36,2,Uh-huh.,(ROOT (ADVP (RB uh-huh) (. .))),TAXES,TALK ABOUT WHETHER AMERICANSY
sw11utt/sw_1103_2915.utt,2/sw2915,2915,70,sv,Forward-Communicative-Function:Statement:Statement-opinion,,,A,37,1,"In a way, it's almost like he had so much debt that, uh, filing bankruptcy was a way to get out of all of it","(ROOT (S (PP (IN in) (NP (DT a) (NN way))) (, ,) (NP (PRP it)) (VP (VBZ 's) (SBAR (ADVP (RB almost)) (IN like) (S (NP (PRP he)) (VP (VBD had) (SBAR (S (NP (ADJP (RB so) (JJ much)) (NN debt)) (WHNP (IN that)) (, ,) (INTJ (UH uh)) (, ,) (S (VP (VBG filing) (NP (NN bankruptcy)))) (VP (VBD was) (NP (NP (DT a) (NN way)) (SBAR (S (VP (TO to) (VP (VB get) (PP (IN out) (PP (IN of) (NP (NP (DT all)) (PP (IN of) (NP (PRP it))))))))))))))))))))",TAXES,TALK ABOUT WHETHER AMERICANSY
sw11utt/sw_1103_2915.utt,2/sw2915,2915,71,b,Backwards-Communicative-Function:Understanding:Acknowledge,,,B,38,1,Right.,(ROOT (ADVP (RB right) (. .))),TAXES,TALK ABOUT WHETHER AMERICANSY
sw11utt/sw_1103_2915.utt,2/sw2915,2915,74,qrr@,Info-request:Or-Clause,,,A,39,3,or do you ?,(ROOT (SQ (CC or) (VP (VB do) (NP (PRP you))) (. ?))),TAXES,TALK ABOUT WHETHER AMERICANSY
sw11utt/sw_1103_2915.utt,2/sw2915,2915,75,sd,Forward-Communicative-Function:Statement:Statement-non-opinion,,,B,40,1,I just file federal income tax every year.,(ROOT (S (LS i) (ADVP (RB just)) (VP (VB file) (NP (JJ federal) (NN income) (NN tax)) (NP (DT every) (NN year))) (. .))),TAXES,TALK ABOUT WHETHER AMERICANSY
sw11utt/sw_1103_2915.utt,2/sw2915,2915,76,+,Other:Segment-(multi-utterance),,,A,41,1,"And do you feel like you get hit by, you know, too much ?","(ROOT (SQ (CC and) (VBP do) (NP (PRP you)) (VP (VB feel) (SBAR (IN like) (S (NP (PRP you)) (VP (VBP get) (VP (VBN hit) (PP (IN by))))))) (SBAR (S (, ,) (NP (PRP you)) (VP (VBP know)))) (, ,) (ADVP (RB too) (RB much)) (. ?)))",TAXES,TALK ABOUT WHETHER AMERICANSY
sw11utt/sw_1103_2915.utt,2/sw2915,2915,80,sd,Forward-Communicative-Function:Statement:Statement-non-opinion,,,B,42,4,"So, and you know, it's, it's a lot worse for single people, because they pay the same amount as, as the people that make the same amount of money and they're married.","(ROOT (S (ADVP (RB so)) (PRN (, ,) (CC and) (S (NP (PRP you)) (VP (VBP know))) (, ,)) (S (NP (PRP it)) (VP (VBZ 's))) (, ,) (S (NP (PRP it)) (VP (VBZ 's) (NP (NP (DT a) (NN lot) (JJR worse)) (PP (IN for) (NP (JJ single) (NNS people)))) (, ,) (SBAR (IN because) (S (NP (PRP they)) (VP (VBP pay) (NP (DT the) (JJ same) (NN amount)) (SBAR (RB as) (, ,) (PP (PP (IN as) (NP (NP (DT the) (NNS people)) (SBAR (WHNP (WDT that)) (S (VP (VBP make) (NP (NP (DT the) (JJ same) (NN amount)) (PP (IN of) (NP (NN money))))))))) (CC and) (S (NP (PRP they)) (VP (VBP 're) (VP (VBN married))))))))))) (. .)))",TAXES,TALK ABOUT WHETHER AMERICANSY
sw11utt/sw_1103_2915.utt,2/sw2915,2915,86,sd,Forward-Communicative-Function:Statement:Statement-non-opinion,,,A,43,6,so we're in the same kind of,(ROOT (SBAR (IN so) (S (NP (PRP we)) (VP (VBP 're) (PP (IN in) (NP (NP (DT the) (JJ same) (NN kind)) (FRAG (PP (IN of))))))))),TAXES,TALK ABOUT WHETHER AMERICANSY
sw11utt/sw_1103_2915.utt,2/sw2915,2915,87,b,Backwards-Communicative-Function:Understanding:Acknowledge,,,B,44,1,Uh-huh.,(ROOT (ADVP (RB uh-huh) (. .))),TAXES,TALK ABOUT WHETHER AMERICANSY
sw11utt/sw_1103_2915.utt,2/sw2915,2915,91,qy^d,Info-request:Yes-No-Question,,,A,45,4,doesn't that sound stupid.,(ROOT (SQ (VBZ does) (RB n't) (VP (ADJP (IN that) (NP (JJ sound) (JJ stupid)))) (. .))),TAXES,TALK ABOUT WHETHER AMERICANSY
sw11utt/sw_1103_2915.utt,2/sw2915,2915,92,ny,Info-request:Yes answers,,,B,46,1,Uh-huh.,(ROOT (ADVP (RB uh-huh) (. .))),TAXES,TALK ABOUT WHETHER AMERICANSY
sw11utt/sw_1103_2915.utt,2/sw2915,2915,93,sd*,Forward-Communicative-Function:Statement:Statement-non-opinion,,,A,47,1,"But, I mean, there's actually less tax implication if I don't work full time compared to what my husband does, you know.","(ROOT (FRAG (NP (NP (CC but) (, ,) (FW i) (VB mean)) (, ,) (S (NP (EX there)) (VP (VBZ 's) (ADVP (RB actually)) (NP (NP (JJR less) (NN tax) (NN implication)) (SBAR (IN if) (S (FW i) (VP (VBP do) (RB n't) (VP (VB work) (NP (JJ full) (NN time)) (PP (VBN compared) (PP (TO to) (SBAR (WHNP (WP what)) (S (NP (PRP$ my) (NN husband)) (VP (VBZ does))))))))))))) (, ,)) (SBAR (S (NP (PRP you)) (VP (VBP know)))) (. .)))",TAXES,TALK ABOUT WHETHER AMERICANSY
sw11utt/sw_1103_2915.utt,2/sw2915,2915,94,b,Backwards-Communicative-Function:Understanding:Acknowledge,,,B,48,1,Right.,(ROOT (ADVP (RB right) (. .))),TAXES,TALK ABOUT WHETHER AMERICANSY
sw11utt/sw_1103_2915.utt,2/sw2915,2915,95,sd,Forward-Communicative-Function:Statement:Statement-non-opinion,,,A,49,1,So it's kind of hard.,(ROOT (FRAG (SBAR (IN so) (S (NP (PRP it)) (VP (VBZ 's) (NP (NP (NN kind)) (PP (IN of) (NP (JJ hard))))))) (. .))),TAXES,TALK ABOUT WHETHER AMERICANSY
sw11utt/sw_1103_2915.utt,2/sw2915,2915,96,sd,Forward-Communicative-Function:Statement:Statement-non-opinion,,,B,50,1,"Whoever works less, they can get a tax credit for that.","(ROOT (S (SBAR (WHNP (WP whoever)) (S (VP (VBZ works) (ADVP (JJR less))))) (, ,) (NP (PRP they)) (VP (MD can) (VP (VB get) (NP (NP (DT a) (NN tax) (NN credit)) (PP (IN for) (NP (DT that)))))) (. .)))",TAXES,TALK ABOUT WHETHER AMERICANSY
sw11utt/sw_1103_2915.utt,2/sw2915,2915,97,br,Backwards-Communicative-Function:Understanding:Signal-non-understanding,,,A,51,1,Excuse me.,(ROOT (S (VP (VB excuse) (NP (PRP me))) (. .))),TAXES,TALK ABOUT WHETHER AMERICANSY
sw11utt/sw_1103_2915.utt,2/sw2915,2915,98,sd,Forward-Communicative-Function:Statement:Statement-non-opinion,,,B,52,1,"If both of the, both of the spouses","(ROOT (PP (IN if) (NP (NP (DT both)) (PP (IN of) (NP (NP (DT the)) (, ,) (NP (NP (DT both)) (PP (IN of) (NP (DT the) (NNS spouses)))))))))",TAXES,TALK ABOUT WHETHER AMERICANSY
sw11utt/sw_1103_2915.utt,2/sw2915,2915,99,b,Backwards-Communicative-Function:Understanding:Acknowledge,,,A,53,1,Uh-huh.,(ROOT (ADVP (RB uh-huh) (. .))),TAXES,TALK ABOUT WHETHER AMERICANSY
sw11utt/sw_1103_2915.utt,2/sw2915,2915,100,+,Other:Segment-(multi-utterance),,,B,54,1,"work, then you get a tax credit for that.","(ROOT (NP (NP (NN work)) (, ,) (S (ADVP (RB then)) (NP (PRP you)) (VP (VBP get) (NP (NP (DT a) (NN tax) (NN credit)) (PP (IN for) (NP (DT that))))) (. .))))",TAXES,TALK ABOUT WHETHER AMERICANSY
sw11utt/sw_1103_2915.utt,2/sw2915,2915,102,aa,Backwards-Communicative-Function:Agreement:Accept,,,A,55,2,Yeah,(ROOT (NP (NN yeah))),TAXES,TALK ABOUT WHETHER AMERICANSY
sw11utt/sw_1103_2915.utt,2/sw2915,2915,103,b,Backwards-Communicative-Function:Understanding:Acknowledge,,,B,56,1,Uh-huh.,(ROOT (ADVP (RB uh-huh) (. .))),TAXES,TALK ABOUT WHETHER AMERICANSY
sw11utt/sw_1103_2915.utt,2/sw2915,2915,105,sd,Forward-Communicative-Function:Statement:Statement-non-opinion,,,A,57,2,"and if you have kids, you get like seven hundred fifty dollars or something.","(ROOT (S (CC and) (S (SBAR (IN if) (S (NP (PRP you)) (VP (VBP have) (NP (NNS kids))))) (, ,) (NP (PRP you)) (VP (VBP get) (PP (IN like) (NP (QP (CD seven) (CD hundred) (CD fifty)) (NNS dollars) (CC or) (NN something))))) (. .)))",TAXES,TALK ABOUT WHETHER AMERICANSY
sw11utt/sw_1103_2915.utt,2/sw2915,2915,106,sd,Forward-Communicative-Function:Statement:Statement-non-opinion,,,B,58,1,"Well, it's two thousand now.","(ROOT (S (ADVP (RB well)) (, ,) (NP (PRP it)) (VP (VBZ 's) (NP (CD two) (CD thousand)) (ADVP (RB now))) (. .)))",TAXES,TALK ABOUT WHETHER AMERICANSY
sw11utt/sw_1103_2915.utt,2/sw2915,2915,107,bh,Backwards-Communicative-Function:Understanding:Backchannel-in-question-form,,,A,59,1,"Oh, it is.","(ROOT (S (INTJ (UH oh)) (, ,) (NP (PRP it)) (VP (VBZ is)) (. .)))",TAXES,TALK ABOUT WHETHER AMERICANSY
sw11utt/sw_1103_2915.utt,2/sw2915,2915,109,sd^e,Forward-Communicative-Function:Statement:Statement-non-opinion,,,B,60,2,for everybody.,(ROOT (FRAG (PP (IN for) (NP (NN everybody))) (. .))),TAXES,TALK ABOUT WHETHER AMERICANSY
sw11utt/sw_1103_2915.utt,2/sw2915,2915,110,ba,Backwards-Communicative-Function:Understanding:Appreciation,,,A,61,1,"Oh, my.","(ROOT (FRAG (INTJ (UH oh)) (, ,) (PRP$ my) (. .)))",TAXES,TALK ABOUT WHETHER AMERICANSY
sw11utt/sw_1103_2915.utt,2/sw2915,2915,111,b,Backwards-Communicative-Function:Understanding:Acknowledge,,,B,62,1,Uh-huh.,(ROOT (ADVP (RB uh-huh) (. .))),TAXES,TALK ABOUT WHETHER AMERICANSY
sw11utt/sw_1103_2915.utt,2/sw2915,2915,112,sv,Forward-Communicative-Function:Statement:Statement-opinion,,,A,63,1,Well that's not too bad.,(ROOT (S (RB well) (NP (DT that)) (VP (VBZ 's) (RB not) (ADJP (RB too) (JJ bad))) (. .))),TAXES,TALK ABOUT WHETHER AMERICANSY
sw11utt/sw_1103_2915.utt,2/sw2915,2915,115,sd,Forward-Communicative-Function:Statement:Statement-non-opinion,,,B,64,3,"I mean, you pay from fifty to a hundred dollars a week in child care","(ROOT (S (S (FW i) (VP (VB mean))) (, ,) (S (NP (PRP you)) (VP (VBP pay) (PP (IN from) (NP (CD fifty))) (PP (TO to) (NP (QP (DT a) (CD hundred)) (NNS dollars))) (NP (DT a) (NN week)) (PP (IN in) (NP (NN child) (NN care)))))))",TAXES,TALK ABOUT WHETHER AMERICANSY
sw11utt/sw_1103_2915.utt,2/sw2915,2915,116,b,Backwards-Communicative-Function:Understanding:Acknowledge,,,A,65,1,Uh-huh.,(ROOT (ADVP (RB uh-huh) (. .))),TAXES,TALK ABOUT WHETHER AMERICANSY
sw11utt/sw_1103_2915.utt,2/sw2915,2915,117,sd,Forward-Communicative-Function:Statement:Statement-non-opinion,,,B,66,1,"and, and they only give you like, I think it's about five or ten percent of that.","(ROOT (S (CC and) (, ,) (CC and) (S (NP (PRP they)) (ADVP (RB only)) (VP (VBP give) (NP (PRP you)) (PP (IN like) (, ,) (S (FW i) (VP (VBP think) (SBAR (S (NP (PRP it)) (VP (VBZ 's) (NP (NP (QP (RB about) (CD five) (CC or) (CD ten)) (NN percent)) (PP (IN of) (NP (DT that)))))))))))) (. .)))",TAXES,TALK ABOUT WHETHER AMERICANSY
sw11utt/sw_1103_2915.utt,2/sw2915,2915,118,ba,Backwards-Communicative-Function:Understanding:Appreciation,,,A,67,1,"Oh, my goodness.","(ROOT (FRAG (INTJ (UH oh)) (, ,) (NP (PRP$ my) (NN goodness)) (. .)))",TAXES,TALK ABOUT WHETHER AMERICANSY
sw11utt/sw_1103_2915.utt,2/sw2915,2915,119,sv,Forward-Communicative-Function:Statement:Statement-opinion,,,B,68,1,"You know, it doesn't even, it's not even","(ROOT (S (S (S (NP (PRP you)) (VP (VBP know))) (, ,) (NP (PRP it)) (VP (VBZ does) (RB n't) (ADVP (RB even)))) (, ,) (S (NP (PRP it)) (VP (VBZ 's) (RB not) (ADVP (RB even))))))",TAXES,TALK ABOUT WHETHER AMERICANSY
sw11utt/sw_1103_2915.utt,2/sw2915,2915,122,fc,Other-forward-function:Conventional-closing,,,A,69,3,I guess I better go.,(ROOT (S (LS i) (NP (NN guess) (FW i) (JJR better)) (VP (VB go)) (. .))),TAXES,TALK ABOUT WHETHER AMERICANSY
sw11utt/sw_1103_2915.utt,2/sw2915,2915,123,fc,Other-forward-function:Conventional-closing,,,B,70,1,"Oh, okay.","(ROOT (FRAG (ADJP (INTJ (UH oh)) (, ,) (JJ okay)) (. .)))",TAXES,TALK ABOUT WHETHER AMERICANSY
sw11utt/sw_1103_2915.utt,2/sw2915,2915,125,fc,Other-forward-function:Conventional-closing,,,A,71,2,well it was nice talking to you.,(ROOT (S (ADVP (RB well)) (NP (PRP it)) (VP (VBD was) (ADJP (JJ nice)) (VP (VBG talking) (PP (TO to) (NP (PRP you))))) (. .))),TAXES,TALK ABOUT WHETHER AMERICANSY
sw11utt/sw_1103_2915.utt,2/sw2915,2915,126,fc,Other-forward-function:Conventional-closing,,,B,72,1,Nice talking to you.,(ROOT (FRAG (NP (NP (JJ nice) (VBG talking)) (PP (TO to) (NP (PRP you)))) (. .))),TAXES,TALK ABOUT WHETHER AMERICANSY
sw11utt/sw_1103_2915.utt,2/sw2915,2915,128,fc,Other-forward-function:Conventional-closing,,,A,73,2,bye-bye.,(ROOT (NP (NN bye-bye) (. .))),TAXES,TALK ABOUT WHETHER AMERICANSY
